raster.asc
ncols         301
nrows         551
xllcorner     291564.294
yllcorner     63499.633
cellsize      1
NODATA_value  -9999
[rows 175 to 209 of 551, columns 158 to 236 of 301]
8.07 8.06 8.09 8.17 8.2 8.25 8.25 8.24 8.18 8.15 8.17 8.15 8.17 8.18 8.21 8.26 8.26 8.24 8.29 8.35 8.4 8.45 8.5 8.55 8.6 8.66 8.71 8.76 8.81 8.86 8.92 8.97 9.02 9.07 9.12 9.17 9.23 9.28 9.33 9.38 9.43 9.56 9.74 9.84 9.81 9.79 9.76 9.73 9.7 9.67 9.64 9.62 9.59 9.56 9.53 9.51 9.49 9.45 9.42 9.34 9.26 9.17 9.09 9 8.91 8.74 9.33 -9999 -9999 -9999 -9999 -9999 -9999 -9999 -9999 -9999 -9999 -9999 -9999
8.06 8.06 8.07 8.13 8.17 8.23 8.23 8.2 8.17 8.19 8.15 8.15 8.17 8.19 8.2 8.27 8.3 8.27 8.27 8.32 8.37 8.43 8.48 8.53 8.58 8.63 8.68 8.74 8.79 8.84 8.89 8.94 9 9.05 9.1 9.15 9.2 9.25 9.31 9.36 9.43 9.6 9.77 9.76 9.73 9.7 9.67 9.64 9.61 9.59 9.56 9.53 9.5 9.47 9.44 9.43 9.4 9.37 9.33 9.28 9.2 9.11 9.02 8.94 8.85 8.75 9.73 -9999 -9999 -9999 -9999 -9999 -9999 -9999 -9999 -9999 -9999 -9999 -9999
8.07 8.06 8.07 8.13 8.13 8.18 8.19 8.22 8.21 8.18 8.15 8.17 8.16 8.17 8.21 8.26 8.33 8.31 8.28 8.3 8.35 8.4 8.45 8.51 8.56 8.61 8.66 8.71 8.77 8.82 8.87 8.92 8.97 9.02 9.08 9.13 9.18 9.23 9.28 9.34 9.46 9.64 9.7 9.67 9.64 9.61 9.58 9.56 9.53 9.5 9.47 9.44 9.41 9.39 9.36 9.34 9.32 9.28 9.25 9.21 9.13 9.05 8.96 8.88 8.73 8.7 -9999 -9999 -9999 -9999 -9999 -9999 -9999 -9999 -9999 -9999 -9999 -9999 -9999
8.08 8.05 8.07 8.09 8.11 8.19 8.23 8.25 8.21 8.15 8.14 8.14 8.16 8.17 8.19 8.25 8.32 8.34 8.32 8.28 8.33 8.38 8.43 8.48 8.54 8.59 8.64 8.69 8.74 8.79 8.85 8.9 8.95 9 9.05 9.11 9.16 9.21 9.26 9.33 9.5 9.64 9.61 9.58 9.55 9.53 9.5 9.47 9.44 9.41 9.38 9.36 9.33 9.3 9.27 9.25 9.23 9.2 9.16 9.13 9.07 8.99 8.9 8.81 8.6 9.11 -9999 -9999 -9999 -9999 -9999 -9999 -9999 -9999 -9999 -9999 -9999 -9999 -9999
8.05 8.04 8.05 8.07 8.12 8.17 8.21 8.24 8.2 8.14 8.14 8.14 8.15 8.2 8.2 8.23 8.31 8.33 8.35 8.32 8.3 8.36 8.41 8.46 8.51 8.56 8.62 8.67 8.72 8.77 8.82 8.87 8.93 8.98 9.03 9.08 9.13 9.19 9.24 9.36 9.53 9.55 9.52 9.5 9.47 9.44 9.41 9.38 9.35 9.33 9.3 9.27 9.24 9.21 9.18 9.16 9.14 9.11 9.08 9.04 9.01 8.92 8.84 8.74 8.47 -9999 -9999 -9999 -9999 -9999 -9999 -9999 -9999 -9999 -9999 -9999 -9999 -9999 -9999
8.04 8.01 8.03 8.07 8.09 8.14 8.17 8.23 8.18 8.19 8.14 8.15 8.16 8.19 8.21 8.25 8.29 8.32 8.35 8.36 8.33 8.33 8.39 8.44 8.49 8.54 8.59 8.64 8.7 8.75 8.8 8.85 8.9 8.96 9.01 9.06 9.11 9.16 9.23 9.4 9.49 9.47 9.44 9.41 9.38 9.35 9.32 9.3 9.27 9.24 9.21 9.18 9.15 9.13 9.1 9.07 9.06 9.03 9 8.96 8.93 8.86 8.78 8.61 9.07 -9999 -9999 -9999 -9999 -9999 -9999 -9999 -9999 -9999 -9999 -9999 -9999 -9999 -9999
8.03 8.01 8.04 8.07 8.09 8.1 8.16 8.2 8.18 8.15 8.14 8.13 8.12 8.15 8.19 8.23 8.28 8.31 8.34 8.36 8.37 8.34 8.36 8.41 8.47 8.52 8.57 8.62 8.67 8.73 8.78 8.83 8.88 8.93 8.98 9.04 9.09 9.14 9.26 9.43 9.41 9.38 9.35 9.32 9.29 9.27 9.24 9.21 9.18 9.15 9.12 9.1 9.07 9.04 9.01 8.98 8.97 8.95 8.91 8.88 8.84 8.8 8.72 8.53 -9999 -9999 -9999 -9999 -9999 -9999 -9999 -9999 -9999 -9999 -9999 -9999 -9999 -9999 -9999
8.01 7.98 7.99 8.03 8.09 8.1 8.14 8.17 8.19 8.17 8.13 8.11 8.12 8.13 8.17 8.2 8.28 8.3 8.32 8.35 8.38 8.38 8.35 8.39 8.44 8.49 8.55 8.6 8.65 8.7 8.75 8.81 8.86 8.91 8.96 9.01 9.06 9.13 9.3 9.35 9.32 9.29 9.26 9.24 9.21 9.18 9.15 9.12 9.09 9.07 9.04 9.01 8.98 8.95 8.92 8.9 8.88 8.86 8.83 8.79 8.76 8.72 8.61 9.63 -9999 -9999 -9999 -9999 -9999 -9999 -9999 -9999 -9999 -9999 -9999 -9999 -9999 -9999 -9999
8.01 7.98 7.98 8.03 8.07 8.1 8.14 8.16 8.17 8.15 8.11 8.12 8.12 8.16 8.18 8.2 8.27 8.29 8.31 8.34 8.37 8.39 8.38 8.37 8.42 8.47 8.52 8.58 8.63 8.68 8.73 8.78 8.83 8.89 8.94 8.99 9.04 9.16 9.29 9.26 9.23 9.21 9.18 9.15 9.12 9.09 9.06 9.04 9.01 8.98 8.95 8.92 8.89 8.87 8.84 8.81 8.79 8.78 8.74 8.71 8.67 8.64 -9999 -9999 -9999 -9999 -9999 -9999 -9999 -9999 -9999 -9999 -9999 -9999 -9999 -9999 -9999 -9999 -9999
8.02 7.97 7.97 8.02 8.04 8.08 8.1 8.13 8.15 8.13 8.11 8.11 8.12 8.17 8.19 8.2 8.26 8.28 8.31 8.33 8.35 8.38 8.41 8.39 8.4 8.45 8.5 8.55 8.6 8.66 8.71 8.76 8.81 8.86 8.92 8.97 9.03 9.2 9.2 9.18 9.15 9.12 9.09 9.06 9.03 9.01 8.98 8.95 8.92 8.89 8.86 8.84 8.81 8.78 8.75 8.72 8.7 8.69 8.66 8.63 8.61 -9999 -9999 -9999 -9999 -9999 -9999 -9999 -9999 -9999 -9999 -9999 -9999 -9999 -9999 -9999 -9999 -9999 -9999
7.98 7.95 7.95 7.99 8 8.06 8.1 8.1 8.13 8.14 8.14 8.1 8.11 8.15 8.17 8.17 8.25 8.27 8.3 8.32 8.35 8.37 8.4 8.42 8.4 8.43 8.48 8.53 8.58 8.63 8.69 8.74 8.79 8.84 8.89 8.94 9.06 9.15 9.12 9.09 9.06 9.03 9 8.98 8.95 8.92 8.89 8.86 8.83 8.81 8.78 8.75 8.72 8.69 8.66 8.64 8.61 8.6 8.58 8.61 -9999 -9999 -9999 -9999 -9999 -9999 -9999 -9999 -9999 -9999 -9999 -9999 -9999 -9999 -9999 -9999 -9999 -9999 -9999
8 7.94 7.98 7.95 7.99 8.03 8.04 8.08 8.15 8.14 8.09 8.08 8.09 8.15 8.17 8.17 8.22 8.27 8.29 8.31 8.34 8.36 8.38 8.41 8.44 8.41 8.45 8.51 8.56 8.61 8.66 8.71 8.77 8.82 8.87 8.93 9.09 9.06 9.03 9 8.97 8.95 8.92 8.89 8.86 8.83 8.8 8.78 8.75 8.72 8.69 8.66 8.63 8.61 8.58 8.55 8.52 8.51 8.67 9.75 -9999 -9999 -9999 -9999 -9999 -9999 -9999 -9999 -9999 -9999 -9999 -9999 -9999 -9999 -9999 -9999 -9999 -9999 -9999
7.99 7.95 7.93 7.95 7.98 8.02 8.04 8.1 8.12 8.12 8.11 8.08 8.1 8.14 8.17 8.2 8.24 8.29 8.28 8.31 8.33 8.35 8.38 8.4 8.43 8.44 8.43 8.48 8.54 8.59 8.64 8.69 8.74 8.79 8.85 8.96 9 8.97 8.94 8.92 8.89 8.86 8.83 8.8 8.77 8.75 8.72 8.69 8.66 8.63 8.6 8.58 8.55 8.52 8.49 8.46 8.43 8.42 9.51 -9999 -9999 -9999 -9999 -9999 -9999 -9999 -9999 -9999 -9999 -9999 -9999 -9999 -9999 -9999 -9999 -9999 -9999 -9999 -9999
8.01 7.96 7.94 7.91 7.95 8.02 8.03 8.05 8.08 8.09 8.1 8.09 8.08 8.13 8.16 8.22 8.26 8.34 8.33 8.32 8.32 8.34 8.37 8.39 8.41 8.44 8.45 8.46 8.51 8.56 8.62 8.67 8.72 8.77 8.82 8.94 8.91 8.89 8.86 8.83 8.8 8.77 8.74 8.72 8.69 8.66 8.63 8.6 8.57 8.55 8.52 8.49 8.46 8.43 8.4 8.38 8.35 9.01 -9999 -9999 -9999 -9999 -9999 -9999 -9999 -9999 -9999 -9999 -9999 -9999 -9999 -9999 -9999 -9999 -9999 -9999 -9999 -9999 -9999
8.01 7.95 7.93 7.91 7.93 7.95 7.96 8 8.05 8.07 8.09 8.08 8.1 8.11 8.15 8.17 8.27 8.4 8.39 8.38 8.37 8.36 8.36 8.38 8.41 8.43 8.46 8.46 8.49 8.54 8.59 8.64 8.7 8.75 8.86 8.86 8.83 8.8 8.77 8.74 8.71 8.69 8.66 8.63 8.6 8.57 8.54 8.52 8.49 8.46 8.43 8.4 8.37 8.35 8.35 8.35 8.69 -9999 -9999 -9999 -9999 -9999 -9999 -9999 -9999 -9999 -9999 -9999 -9999 -9999 -9999 -9999 -9999 -9999 -9999 -9999 -9999 -9999 -9999
7.99 7.93 7.92 7.9 7.91 7.94 7.95 7.99 8.03 8.09 8.11 8.1 8.08 8.1 8.16 8.2 8.27 8.43 8.45 8.44 8.43 8.42 8.41 8.4 8.4 8.42 8.45 8.47 8.47 8.52 8.57 8.62 8.67 8.73 8.8 8.77 8.74 8.71 8.68 8.66 8.63 8.6 8.57 8.54 8.51 8.49 8.46 8.43 8.4 8.38 8.37 8.35 8.35 8.35 8.35 8.35 9.15 -9999 -9999 -9999 -9999 -9999 -9999 -9999 -9999 -9999 -9999 -9999 -9999 -9999 -9999 -9999 -9999 -9999 -9999 -9999 -9999 -9999 -9999
7.98 7.94 7.91 7.89 7.87 7.93 7.97 8.01 8.06 8.1 8.11 8.08 8.08 8.1 8.14 8.18 8.36 8.49 8.5 8.49 8.48 8.47 8.46 8.46 8.45 8.43 8.44 8.46 8.49 8.5 8.55 8.6 8.65 8.74 8.71 8.68 8.65 8.63 8.6 8.57 8.54 8.51 8.48 8.46 8.43 8.41 8.39 8.38 8.36 8.35 8.35 8.35 8.35 8.35 8.35 8.55 9.69 -9999 -9999 -9999 -9999 -9999 -9999 -9999 -9999 -9999 -9999 -9999 -9999 -9999 -9999 -9999 -9999 -9999 -9999 -9999 -9999 -9999 -9999
7.98 7.93 7.89 7.87 7.9 7.94 7.98 8.01 8.06 8.05 8.07 8.08 8.11 8.08 8.13 8.17 8.34 8.49 8.52 8.52 8.53 8.53 8.52 8.51 8.5 8.49 8.48 8.46 8.48 8.5 8.52 8.58 8.63 8.65 8.62 8.6 8.57 8.54 8.51 8.48 8.46 8.44 8.42 8.41 8.39 8.37 8.35 8.35 8.35 8.35 8.35 8.35 8.35 8.35 8.35 8.84 -9999 -9999 -9999 -9999 -9999 -9999 -9999 -9999 -9999 -9999 -9999 -9999 -9999 -9999 -9999 -9999 -9999 -9999 -9999 -9999 -9999 -9999 -9999
7.98 7.92 7.89 7.88 7.87 7.91 7.95 7.98 8.05 8.07 8.06 8.07 8.07 8.11 8.14 8.18 8.25 8.49 8.51 8.51 8.52 8.53 8.53 8.54 8.54 8.55 8.54 8.53 8.52 8.49 8.51 8.55 8.59 8.57 8.54 8.51 8.49 8.47 8.45 8.43 8.42 8.4 8.38 8.36 8.35 8.35 8.35 8.35 8.35 8.35 8.35 8.35 8.35 8.35 8.58 9.19 -9999 -9999 -9999 -9999 -9999 -9999 -9999 -9999 -9999 -9999 -9999 -9999 -9999 -9999 -9999 -9999 -9999 -9999 -9999 -9999 -9999 -9999 -9999
7.99 7.94 7.88 7.84 7.87 7.9 7.92 7.96 8.02 8.04 8.04 8.05 8.1 8.13 8.14 8.18 8.24 8.49 8.5 8.51 8.51 8.52 8.52 8.53 8.53 8.54 8.55 8.55 8.56 8.56 8.56 8.53 8.52 8.5 8.48 8.46 8.45 8.43 8.41 8.39 8.38 8.36 8.35 8.35 8.35 8.35 8.35 8.35 8.35 8.35 8.35 8.35 8.35 8.47 8.99 -9999 -9999 -9999 -9999 -9999 -9999 -9999 -9999 -9999 -9999 -9999 -9999 -9999 -9999 -9999 -9999 -9999 -9999 -9999 -9999 -9999 -9999 -9999 -9999
7.96 7.92 7.88 7.83 7.84 7.87 7.92 7.93 7.96 7.99 8.03 8.02 8.07 8.12 8.13 8.21 8.25 8.49 8.49 8.5 8.5 8.51 8.52 8.52 8.53 8.53 8.54 8.54 8.55 8.55 8.56 8.54 8.52 8.47 8.44 8.42 8.41 8.39 8.37 8.35 8.35 8.35 8.35 8.35 8.35 8.35 8.35 8.35 8.35 8.35 8.35 8.35 8.36 8.87 9.79 -9999 -9999 -9999 -9999 -9999 -9999 -9999 -9999 -9999 -9999 -9999 -9999 -9999 -9999 -9999 -9999 -9999 -9999 -9999 -9999 -9999 -9999 -9999 -9999
7.91 7.86 7.89 7.82 7.82 7.85 7.88 7.9 7.94 7.99 8 8.02 8.07 8.08 8.15 8.2 8.23 8.38 8.49 8.49 8.5 8.5 8.51 8.51 8.52 8.52 8.53 8.53 8.54 8.54 8.54 8.53 8.55 8.51 8.48 8.42 8.36 8.35 8.35 8.35 8.35 8.35 8.35 8.35 8.35 8.35 8.35 8.35 8.35 8.37 8.39 8.4 8.76 9.34 -9999 -9999 -9999 -9999 -9999 -9999 -9999 -9999 -9999 -9999 -9999 -9999 -9999 -9999 -9999 -9999 -9999 -9999 -9999 -9999 -9999 -9999 -9999 -9999 -9999
7.86 7.86 7.88 7.82 7.82 7.84 7.84 7.87 7.92 7.98 8.02 8.05 8.07 8.1 8.15 8.17 8.2 8.32 8.41 8.47 8.47 8.47 8.47 8.47 8.47 8.48 8.49 8.5 8.52 8.53 8.54 8.55 8.59 8.56 8.52 8.48 8.45 8.36 8.35 8.35 8.35 8.35 8.35 8.35 8.35 8.35 8.36 8.37 8.57 8.83 9.09 9.48 9.94 -9999 -9999 -9999 -9999 -9999 -9999 -9999 -9999 -9999 -9999 -9999 -9999 -9999 -9999 -9999 -9999 -9999 -9999 -9999 -9999 -9999 -9999 -9999 -9999 -9999 -9999
7.86 7.86 7.84 7.82 7.82 7.84 7.85 7.86 7.95 7.99 8 8.01 8.06 8.07 8.14 8.18 8.18 8.29 8.36 8.4 8.41 8.42 8.43 8.44 8.45 8.46 8.47 8.48 8.49 8.5 8.51 8.52 8.55 8.58 8.57 8.55 8.51 8.43 8.35 8.35 8.35 8.35 8.35 8.35 8.54 8.8 9.06 9.32 9.58 9.84 -9999 -9999 -9999 -9999 -9999 -9999 -9999 -9999 -9999 -9999 -9999 -9999 -9999 -9999 -9999 -9999 -9999 -9999 -9999 -9999 -9999 -9999 -9999 -9999 -9999 -9999 -9999 -9999 -9999
7.84 7.83 7.81 7.79 7.76 7.81 7.85 7.86 7.9 7.92 7.98 8.01 8.06 8.08 8.14 8.19 8.21 8.27 8.33 8.38 8.39 8.4 8.41 8.41 8.42 8.43 8.44 8.45 8.46 8.47 8.48 8.49 8.55 8.59 8.55 8.53 8.5 8.48 8.47 8.38 8.52 8.77 9.03 9.29 9.55 9.81 -9999 -9999 -9999 -9999 -9999 -9999 -9999 -9999 -9999 -9999 -9999 -9999 -9999 -9999 -9999 -9999 -9999 -9999 -9999 -9999 -9999 -9999 -9999 -9999 -9999 -9999 -9999 -9999 -9999 -9999 -9999 -9999 -9999
7.85 7.85 7.82 7.77 7.75 7.76 7.81 7.81 7.85 7.89 7.98 8.03 8.06 8.06 8.11 8.17 8.21 8.28 8.31 8.35 8.36 8.37 8.38 8.39 8.4 8.41 8.42 8.44 8.47 8.49 8.52 8.55 8.53 8.55 8.49 8.48 8.48 8.82 9.1 9.11 9.25 9.74 -9999 -9999 -9999 -9999 -9999 -9999 -9999 -9999 -9999 -9999 -9999 -9999 -9999 -9999 -9999 -9999 -9999 -9999 -9999 -9999 -9999 -9999 -9999 -9999 -9999 -9999 -9999 -9999 -9999 -9999 -9999 -9999 -9999 -9999 -9999 -9999 -9999
7.87 7.86 7.82 7.74 7.73 7.76 7.78 7.8 7.85 7.89 7.92 7.96 8.03 8.04 8.09 8.14 8.19 8.24 8.27 8.33 8.35 8.37 8.39 8.42 8.44 8.46 8.48 8.5 8.53 8.54 8.58 8.62 8.6 8.59 8.56 8.66 8.96 9.37 9.79 9.85 9.92 -9999 -9999 -9999 -9999 -9999 -9999 -9999 -9999 -9999 -9999 -9999 -9999 -9999 -9999 -9999 -9999 -9999 -9999 -9999 -9999 -9999 -9999 -9999 -9999 -9999 -9999 -9999 -9999 -9999 -9999 -9999 -9999 -9999 -9999 -9999 -9999 -9999 -9999
7.87 7.87 7.83 7.74 7.73 7.75 7.79 7.82 7.84 7.88 7.91 7.96 7.99 8.03 8.09 8.14 8.18 8.22 8.23 8.3 8.32 8.34 8.36 8.37 8.39 8.42 8.46 8.5 8.54 8.58 8.62 8.71 8.79 8.78 9.02 9.32 9.61 9.93 -9999 -9999 -9999 -9999 -9999 -9999 -9999 -9999 -9999 -9999 -9999 -9999 -9999 -9999 -9999 -9999 -9999 -9999 -9999 -9999 -9999 -9999 -9999 -9999 -9999 -9999 -9999 -9999 -9999 -9999 -9999 -9999 -9999 -9999 -9999 -9999 -9999 -9999 -9999 -9999 -9999
7.87 7.87 7.82 7.76 7.75 7.72 7.76 7.8 7.82 7.87 7.91 7.94 7.94 7.99 8.07 8.09 8.16 8.23 8.26 8.27 8.27 8.3 8.34 8.38 8.42 8.47 8.51 8.55 8.59 8.65 8.79 8.94 9.01 9 9.33 9.9 -9999 -9999 -9999 -9999 -9999 -9999 -9999 -9999 -9999 -9999 -9999 -9999 -9999 -9999 -9999 -9999 -9999 -9999 -9999 -9999 -9999 -9999 -9999 -9999 -9999 -9999 -9999 -9999 -9999 -9999 -9999 -9999 -9999 -9999 -9999 -9999 -9999 -9999 -9999 -9999 -9999 -9999 -9999
7.89 7.88 7.8 7.76 7.72 7.72 7.73 7.77 7.8 7.85 7.89 7.92 7.95 7.99 8.04 8.09 8.14 8.2 8.26 8.29 8.3 8.34 8.39 8.43 8.47 8.52 8.56 8.59 8.74 8.88 9.02 9.17 9.23 9.22 9.6 -9999 -9999 -9999 -9999 -9999 -9999 -9999 -9999 -9999 -9999 -9999 -9999 -9999 -9999 -9999 -9999 -9999 -9999 -9999 -9999 -9999 -9999 -9999 -9999 -9999 -9999 -9999 -9999 -9999 -9999 -9999 -9999 -9999 -9999 -9999 -9999 -9999 -9999 -9999 -9999 -9999 -9999 -9999 -9999
7.93 7.92 7.85 7.78 7.72 7.7 7.72 7.74 7.78 7.84 7.88 7.92 7.96 8.02 8.05 8.09 8.17 8.2 8.28 8.37 8.35 8.39 8.44 8.48 8.52 8.56 8.68 8.82 8.97 9.11 9.25 9.4 9.45 9.44 9.88 -9999 -9999 -9999 -9999 -9999 -9999 -9999 -9999 -9999 -9999 -9999 -9999 -9999 -9999 -9999 -9999 -9999 -9999 -9999 -9999 -9999 -9999 -9999 -9999 -9999 -9999 -9999 -9999 -9999 -9999 -9999 -9999 -9999 -9999 -9999 -9999 -9999 -9999 -9999 -9999 -9999 -9999 -9999 -9999
7.89 7.9 7.82 7.77 7.73 7.7 7.74 7.74 7.76 7.82 7.84 7.91 7.94 7.97 8.04 8.1 8.2 8.24 8.29 8.36 8.4 8.44 8.49 8.53 8.62 8.77 8.91 9.05 9.2 9.34 9.49 9.63 9.67 9.68 -9999 -9999 -9999 -9999 -9999 -9999 -9999 -9999 -9999 -9999 -9999 -9999 -9999 -9999 -9999 -9999 -9999 -9999 -9999 -9999 -9999 -9999 -9999 -9999 -9999 -9999 -9999 -9999 -9999 -9999 -9999 -9999 -9999 -9999 -9999 -9999 -9999 -9999 -9999 -9999 -9999 -9999 -9999 -9999 -9999
7.84 7.85 7.81 7.75 7.72 7.67 7.7 7.72 7.74 7.78 7.79 7.87 7.92 7.98 8 8.07 8.18 8.23 8.31 8.37 8.45 8.49 8.57 8.71 8.85 9 9.14 9.29 9.43 9.57 9.72 9.85 9.89 9.92 -9999 -9999 -9999 -9999 -9999 -9999 -9999 -9999 -9999 -9999 -9999 -9999 -9999 -9999 -9999 -9999 -9999 -9999 -9999 -9999 -9999 -9999 -9999 -9999 -9999 -9999 -9999 -9999 -9999 -9999 -9999 -9999 -9999 -9999 -9999 -9999 -9999 -9999 -9999 -9999 -9999 -9999 -9999 -9999 -9999
7.8 7.81 7.82 7.75 7.72 7.65 7.66 7.68 7.75 7.78 7.79 7.85 7.91 7.94 7.96 8.02 8.12 8.22 8.31 8.4 8.49 8.65 8.8 8.94 9.08 9.23 9.37 9.52 9.66 9.8 9.95 -9999 -9999 -9999 -9999 -9999 -9999 -9999 -9999 -9999 -9999 -9999 -9999 -9999 -9999 -9999 -9999 -9999 -9999 -9999 -9999 -9999 -9999 -9999 -9999 -9999 -9999 -9999 -9999 -9999 -9999 -9999 -9999 -9999 -9999 -9999 -9999 -9999 -9999 -9999 -9999 -9999 -9999 -9999 -9999 -9999 -9999 -9999 -9999
7.78 7.78 7.78 7.74 7.69 7.65 7.65 7.7 7.76 7.75 7.77 7.82 7.88 7.92 7.94 7.99 8.07 8.19 8.31 8.38 8.48 8.77 9.03 9.17 9.32 9.46 9.6 9.75 9.89 -9999 -9999 -9999 -9999 -9999 -9999 -9999 -9999 -9999 -9999 -9999 -9999 -9999 -9999 -9999 -9999 -9999 -9999 -9999 -9999 -9999 -9999 -9999 -9999 -9999 -9999 -9999 -9999 -9999 -9999 -9999 -9999 -9999 -9999 -9999 -9999 -9999 -9999 -9999 -9999 -9999 -9999 -9999 -9999 -9999 -9999 -9999 -9999 -9999 -9999
