raster.asc
ncols         301
nrows         551
xllcorner     291564.294
yllcorner     63499.633
cellsize      1
NODATA_value  -9999
[rows 420 to 454 of 551, columns 158 to 236 of 301]
-9999 -9999 -9999 -9999 -9999 -9999 -9999 -9999 -9999 -9999 -9999 -9999 9.26 8.67 6.98 5.28 4.73 4.67 4.7 4.72 4.75 4.78 4.8 4.83 4.86 4.88 4.91 4.94 4.96 4.99 5.02 5.04 5.07 5.1 5.13 5.15 5.18 5.2 5.24 5.29 5.33 5.37 5.42 5.46 5.51 5.56 5.56 5.55 5.54 5.54 5.53 5.52 5.54 5.59 5.64 5.69 5.74 5.8 5.85 5.91 5.97 6 6.03 6.07 6.1 6.13 6.16 6.2 6.23 6.27 6.32 6.36 6.41 6.46 6.48 6.51 6.53 6.56 6.59
-9999 -9999 -9999 -9999 -9999 -9999 -9999 -9999 -9999 -9999 -9999 -9999 -9999 9.34 8.06 6.36 4.81 4.63 4.65 4.68 4.71 4.73 4.76 4.79 4.81 4.84 4.87 4.89 4.92 4.95 4.97 5 5.03 5.05 5.08 5.11 5.13 5.17 5.21 5.26 5.3 5.35 5.39 5.44 5.47 5.46 5.45 5.45 5.44 5.43 5.43 5.45 5.5 5.55 5.6 5.66 5.71 5.77 5.82 5.88 5.91 5.94 5.98 6.01 6.04 6.07 6.1 6.14 6.18 6.22 6.27 6.31 6.36 6.39 6.42 6.44 6.47 6.49 6.52
-9999 -9999 -9999 -9999 -9999 -9999 -9999 -9999 -9999 -9999 -9999 -9999 -9999 -9999 9.14 7.44 5.74 4.7 4.61 4.64 4.66 4.69 4.72 4.74 4.77 4.8 4.82 4.85 4.88 4.9 4.93 4.96 4.98 5.01 5.04 5.06 5.1 5.14 5.19 5.23 5.28 5.32 5.37 5.37 5.36 5.36 5.35 5.34 5.34 5.33 5.36 5.41 5.46 5.52 5.57 5.62 5.68 5.74 5.79 5.82 5.85 5.88 5.92 5.95 5.98 6.01 6.04 6.08 6.13 6.17 6.22 6.26 6.3 6.32 6.35 6.37 6.4 6.43 6.51
-9999 -9999 -9999 -9999 -9999 -9999 -9999 -9999 -9999 -9999 -9999 -9999 -9999 -9999 -9999 8.52 6.82 5.12 4.59 4.59 4.62 4.65 4.67 4.7 4.73 4.75 4.78 4.81 4.83 4.86 4.89 4.91 4.94 4.97 4.99 5.03 5.07 5.11 5.16 5.21 5.25 5.28 5.27 5.27 5.26 5.25 5.25 5.24 5.23 5.27 5.33 5.38 5.43 5.48 5.54 5.6 5.66 5.7 5.73 5.76 5.79 5.82 5.86 5.89 5.92 5.95 5.99 6.03 6.08 6.12 6.17 6.2 6.23 6.26 6.28 6.31 6.34 6.42 6.5
-9999 -9999 -9999 -9999 -9999 -9999 -9999 -9999 -9999 -9999 -9999 -9999 -9999 -9999 -9999 9.6 7.9 6.2 4.67 4.55 4.58 4.6 4.63 4.66 4.68 4.71 4.74 4.76 4.79 4.82 4.84 4.87 4.9 4.93 4.95 5 5.04 5.09 5.13 5.18 5.18 5.18 5.17 5.16 5.16 5.15 5.14 5.14 5.19 5.24 5.29 5.34 5.4 5.45 5.51 5.57 5.6 5.64 5.67 5.7 5.73 5.77 5.8 5.83 5.86 5.89 5.93 5.98 6.03 6.07 6.11 6.14 6.16 6.19 6.22 6.25 6.33 6.41 6.49
-9999 -9999 -9999 -9999 -9999 -9999 -9999 -9999 -9999 -9999 -9999 -9999 -9999 -9999 -9999 -9999 8.98 7.28 5.58 4.56 4.53 4.56 4.59 4.61 4.64 4.67 4.69 4.72 4.75 4.77 4.8 4.83 4.85 4.88 4.93 4.97 5.02 5.06 5.09 5.09 5.08 5.07 5.07 5.06 5.05 5.05 5.05 5.1 5.15 5.2 5.25 5.31 5.37 5.43 5.48 5.51 5.55 5.58 5.61 5.64 5.67 5.71 5.74 5.77 5.8 5.84 5.89 5.93 5.98 6.02 6.04 6.07 6.1 6.12 6.16 6.24 6.32 6.39 6.47
-9999 -9999 -9999 -9999 -9999 -9999 -9999 -9999 -9999 -9999 -9999 -9999 -9999 -9999 -9999 -9999 -9999 8.36 6.66 4.95 4.49 4.51 4.54 4.57 4.59 4.62 4.65 4.68 4.7 4.73 4.76 4.78 4.81 4.86 4.9 4.95 4.99 5 4.99 4.98 4.98 4.97 4.96 4.96 4.95 4.96 5.01 5.06 5.11 5.17 5.23 5.28 5.34 5.39 5.42 5.45 5.49 5.52 5.55 5.58 5.61 5.65 5.68 5.71 5.74 5.79 5.84 5.88 5.93 5.95 5.98 6 6.03 6.07 6.15 6.22 6.3 6.38 6.46
-9999 -9999 -9999 -9999 -9999 -9999 -9999 -9999 -9999 -9999 -9999 -9999 -9999 -9999 -9999 -9999 -9999 9.44 7.74 6.03 4.54 4.47 4.5 4.52 4.55 4.58 4.6 4.63 4.66 4.69 4.71 4.74 4.78 4.83 4.87 4.91 4.9 4.89 4.89 4.88 4.87 4.87 4.86 4.85 4.87 4.92 4.98 5.03 5.08 5.14 5.2 5.26 5.3 5.33 5.36 5.39 5.43 5.46 5.49 5.52 5.56 5.59 5.62 5.65 5.69 5.74 5.79 5.83 5.86 5.89 5.91 5.94 5.98 6.05 6.13 6.21 6.29 6.37 6.45
-9999 -9999 -9999 -9999 -9999 -9999 -9999 -9999 -9999 -9999 -9999 -9999 -9999 -9999 -9999 -9999 -9999 -9999 8.82 7.11 5.41 4.43 4.45 4.48 4.51 4.53 4.56 4.59 4.61 4.64 4.67 4.71 4.76 4.8 4.81 4.8 4.8 4.79 4.78 4.78 4.77 4.76 4.76 4.78 4.84 4.89 4.94 5 5.06 5.12 5.17 5.21 5.24 5.27 5.3 5.34 5.37 5.4 5.43 5.46 5.5 5.53 5.56 5.6 5.64 5.69 5.74 5.77 5.79 5.82 5.85 5.88 5.96 6.04 6.12 6.2 6.28 6.36 6.44
-9999 -9999 -9999 -9999 -9999 -9999 -9999 -9999 -9999 -9999 -9999 -9999 -9999 -9999 -9999 -9999 -9999 -9999 9.89 8.19 6.49 4.79 4.41 4.44 4.46 4.49 4.52 4.54 4.57 4.6 4.64 4.69 4.72 4.71 4.71 4.7 4.69 4.69 4.68 4.67 4.67 4.66 4.7 4.75 4.8 4.86 4.91 4.97 5.03 5.08 5.12 5.15 5.18 5.21 5.24 5.28 5.31 5.34 5.37 5.4 5.44 5.47 5.5 5.55 5.6 5.64 5.67 5.7 5.73 5.75 5.79 5.87 5.95 6.03 6.11 6.19 6.27 6.35 6.43
-9999 -9999 -9999 -9999 -9999 -9999 -9999 -9999 -9999 -9999 -9999 -9999 -9999 -9999 -9999 -9999 -9999 -9999 -9999 9.27 7.57 5.87 4.4 4.39 4.42 4.45 4.47 4.5 4.53 4.57 4.61 4.62 4.62 4.61 4.6 4.6 4.59 4.58 4.58 4.57 4.56 4.61 4.66 4.71 4.77 4.83 4.89 4.95 4.99 5.02 5.06 5.09 5.12 5.15 5.18 5.22 5.25 5.28 5.31 5.35 5.38 5.41 5.45 5.5 5.55 5.58 5.61 5.63 5.66 5.7 5.78 5.86 5.94 6.02 6.1 6.18 6.26 6.34 6.42
-9999 -9999 -9999 -9999 -9999 -9999 -9999 -9999 -9999 -9999 -9999 -9999 -9999 -9999 -9999 -9999 -9999 -9999 -9999 -9999 8.65 6.95 5.25 4.35 4.38 4.4 4.43 4.46 4.5 4.53 4.53 4.52 4.51 4.51 4.5 4.49 4.49 4.48 4.47 4.47 4.52 4.57 4.63 4.69 4.75 4.8 4.86 4.9 4.93 4.96 5 5.03 5.06 5.09 5.13 5.16 5.19 5.22 5.25 5.29 5.32 5.36 5.4 5.45 5.49 5.52 5.54 5.57 5.61 5.69 5.77 5.85 5.93 6.01 6.09 6.17 6.25 6.32 6.4
-9999 -9999 -9999 -9999 -9999 -9999 -9999 -9999 -9999 -9999 -9999 -9999 -9999 -9999 -9999 -9999 -9999 -9999 -9999 -9999 9.61 8.03 6.33 4.63 4.33 4.36 4.39 4.43 4.44 4.43 4.42 4.42 4.41 4.4 4.4 4.39 4.38 4.38 4.38 4.43 4.49 4.54 4.6 4.66 4.72 4.78 4.81 4.84 4.87 4.91 4.94 4.97 5 5.03 5.07 5.1 5.13 5.16 5.19 5.23 5.26 5.31 5.35 5.4 5.42 5.45 5.47 5.52 5.6 5.68 5.76 5.84 5.92 6 6.08 6.15 6.23 6.31 6.39
-9999 -9999 -9999 -9999 -9999 -9999 -9999 -9999 -9999 -9999 -9999 -9999 -9999 -9999 -9999 -9999 -9999 -9999 -9999 -9999 9.84 8.54 7.23 5.71 4.29 4.32 4.35 4.34 4.33 4.33 4.32 4.31 4.31 4.3 4.29 4.29 4.28 4.29 4.35 4.4 4.46 4.52 4.58 4.63 4.69 4.72 4.75 4.78 4.81 4.85 4.88 4.91 4.94 4.97 5.01 5.04 5.07 5.1 5.13 5.17 5.21 5.26 5.3 5.33 5.36 5.38 5.43 5.51 5.59 5.67 5.75 5.83 5.91 5.98 6.06 6.14 6.22 6.3 6.38
-9999 -9999 -9999 -9999 -9999 -9999 -9999 -9999 -9999 -9999 -9999 -9999 -9999 -9999 -9999 -9999 -9999 -9999 -9999 -9999 -9999 8.77 7.46 6.16 4.85 4.25 4.24 4.24 4.23 4.22 4.22 4.21 4.2 4.2 4.19 4.19 4.21 4.26 4.32 4.37 4.43 4.49 4.55 4.59 4.63 4.66 4.69 4.72 4.75 4.79 4.82 4.85 4.88 4.91 4.95 4.98 5.01 5.04 5.08 5.12 5.16 5.21 5.24 5.26 5.29 5.34 5.42 5.5 5.58 5.66 5.74 5.82 5.89 5.97 6.05 6.13 6.21 6.29 6.37
-9999 -9999 -9999 -9999 -9999 -9999 -9999 -9999 -9999 -9999 -9999 -9999 -9999 -9999 -9999 -9999 -9999 -9999 -9999 -9999 -9999 8.99 7.69 6.38 4.82 4.29 4.14 4.13 4.13 4.12 4.11 4.11 4.1 4.09 4.09 4.12 4.17 4.23 4.29 4.35 4.41 4.46 4.5 4.53 4.57 4.6 4.63 4.66 4.69 4.73 4.76 4.79 4.82 4.86 4.89 4.92 4.95 4.98 5.02 5.07 5.11 5.14 5.17 5.2 5.25 5.33 5.41 5.49 5.57 5.65 5.72 5.8 5.88 5.96 6.04 6.12 6.2 6.28 6.36
-9999 -9999 -9999 -9999 -9999 -9999 -9999 -9999 -9999 -9999 -9999 -9999 -9999 -9999 -9999 -9999 -9999 -9999 -9999 -9999 -9999 9.22 7.92 5.89 4.96 4.46 4.13 4.03 4.02 4.02 4.01 4 4 3.99 4.03 4.09 4.15 4.21 4.26 4.32 4.38 4.41 4.44 4.47 4.51 4.54 4.57 4.6 4.64 4.67 4.7 4.73 4.76 4.8 4.83 4.86 4.89 4.93 4.97 5.02 5.05 5.08 5.1 5.16 5.24 5.32 5.4 5.48 5.55 5.63 5.71 5.79 5.87 5.95 6.03 6.11 6.19 6.27 6.35
-9999 -9999 -9999 -9999 -9999 -9999 -9999 -9999 -9999 -9999 -9999 -9999 -9999 -9999 -9999 -9999 -9999 -9999 -9999 -9999 -9999 9.4 7.32 5.87 4.81 4.59 4.38 3.96 3.92 3.91 3.91 3.9 3.9 3.95 4 4.06 4.12 4.18 4.24 4.29 4.32 4.35 4.38 4.42 4.45 4.48 4.51 4.54 4.58 4.61 4.64 4.67 4.7 4.74 4.77 4.8 4.83 4.88 4.92 4.96 4.99 5.01 5.07 5.15 5.23 5.31 5.38 5.46 5.54 5.62 5.7 5.78 5.86 5.94 6.02 6.1 6.18 6.26 6.33
-9999 -9999 -9999 -9999 -9999 -9999 -9999 -9999 -9999 -9999 -9999 -9999 -9999 -9999 -9999 -9999 -9999 -9999 -9999 -9999 -9999 8.11 6.89 5.64 4.7 4.65 4.54 4.21 3.82 3.81 3.81 3.8 3.86 3.92 3.98 4.04 4.09 4.15 4.2 4.23 4.26 4.29 4.32 4.36 4.39 4.42 4.45 4.48 4.52 4.55 4.58 4.61 4.65 4.68 4.71 4.74 4.78 4.83 4.87 4.89 4.92 4.98 5.06 5.14 5.21 5.29 5.37 5.45 5.53 5.61 5.69 5.77 5.85 5.93 6.01 6.09 6.16 6.22 6.28
-9999 -9999 -9999 -9999 -9999 -9999 -9999 -9999 -9999 -9999 -9999 -9999 -9999 -9999 -9999 -9999 -9999 -9999 -9999 -9999 -9999 8.37 6.81 6.09 5.36 4.62 4.54 4.24 3.98 3.71 3.72 3.78 3.83 3.89 3.95 4.01 4.07 4.1 4.14 4.17 4.2 4.23 4.26 4.3 4.33 4.36 4.39 4.43 4.46 4.49 4.52 4.55 4.59 4.62 4.65 4.69 4.73 4.77 4.8 4.83 4.89 4.97 5.04 5.12 5.2 5.28 5.36 5.44 5.52 5.6 5.68 5.76 5.84 5.92 5.99 6.06 6.11 6.17 6.26
-9999 -9999 -9999 -9999 -9999 -9999 -9999 -9999 -9999 -9999 -9999 -9999 -9999 -9999 -9999 -9999 -9999 -9999 -9999 -9999 -9999 8.26 6.98 6.37 5.7 4.97 4.57 4.23 3.88 3.71 3.71 3.75 3.81 3.87 3.92 3.98 4.01 4.04 4.08 4.11 4.14 4.17 4.21 4.24 4.27 4.3 4.33 4.37 4.4 4.43 4.46 4.49 4.53 4.56 4.59 4.64 4.68 4.71 4.73 4.8 4.87 4.95 5.03 5.11 5.19 5.27 5.35 5.43 5.51 5.59 5.67 5.75 5.82 5.89 5.93 5.99 6.08 6.17 6.2
-9999 -9999 -9999 -9999 -9999 -9999 -9999 -9999 -9999 -9999 -9999 -9999 -9999 -9999 -9999 -9999 -9999 -9999 -9999 -9999 -9999 8.06 7.02 6.34 5.72 5.11 4.58 4.28 4.02 3.83 3.71 3.72 3.78 3.84 3.89 3.92 3.95 3.99 4.02 4.05 4.08 4.11 4.15 4.18 4.21 4.24 4.27 4.31 4.34 4.37 4.4 4.44 4.47 4.5 4.54 4.59 4.62 4.64 4.7 4.78 4.86 4.94 5.02 5.1 5.18 5.26 5.34 5.42 5.5 5.58 5.65 5.72 5.76 5.82 5.9 5.99 6.03 6.05 6.07
-9999 -9999 -9999 -9999 -9999 -9999 -9999 -9999 -9999 -9999 -9999 -9999 -9999 -9999 -9999 -9999 -9999 -9999 -9999 -9999 -9999 8.09 7.15 6.31 5.69 5.02 4.59 4.34 4.1 3.96 3.83 3.71 3.76 3.8 3.83 3.86 3.89 3.93 3.96 3.99 4.02 4.05 4.09 4.12 4.15 4.18 4.22 4.25 4.28 4.31 4.34 4.38 4.41 4.45 4.49 4.52 4.55 4.61 4.69 4.77 4.85 4.93 5.01 5.09 5.17 5.25 5.33 5.41 5.48 5.55 5.58 5.65 5.72 5.81 5.85 5.88 5.9 5.92 5.94
-9999 -9999 -9999 -9999 -9999 -9999 -9999 -9999 -9999 -9999 -9999 -9999 -9999 -9999 -9999 -9999 -9999 -9999 -9999 -9999 -9999 8.52 7.4 6.34 5.64 5.1 4.66 4.41 4.18 4.04 3.91 3.77 3.71 3.74 3.77 3.8 3.83 3.87 3.9 3.93 3.96 4 4.03 4.06 4.09 4.12 4.16 4.19 4.22 4.25 4.28 4.32 4.35 4.4 4.43 4.46 4.52 4.6 4.68 4.76 4.84 4.92 5 5.08 5.16 5.24 5.31 5.38 5.41 5.48 5.54 5.63 5.68 5.71 5.73 5.75 5.77 5.8 5.82
-9999 -9999 -9999 -9999 -9999 -9999 -9999 -9999 -9999 -9999 -9999 -9999 -9999 -9999 -9999 -9999 -9999 -9999 -9999 -9999 -9999 9.19 7.89 6.5 5.84 5.28 4.74 4.47 4.25 4.09 3.93 3.77 3.66 3.68 3.71 3.74 3.78 3.81 3.84 3.87 3.9 3.94 3.97 4 4.03 4.06 4.1 4.13 4.16 4.19 4.23 4.26 4.3 4.34 4.36 4.43 4.51 4.59 4.67 4.75 4.83 4.91 4.99 5.07 5.14 5.21 5.24 5.31 5.36 5.45 5.51 5.54 5.56 5.58 5.6 5.62 5.65 5.67 5.69
-9999 -9999 -9999 -9999 -9999 -9999 -9999 -9999 -9999 -9999 -9999 -9999 -9999 -9999 -9999 -9999 -9999 -9999 -9999 -9999 -9999 9.34 7.9 6.59 6.03 5.46 4.89 4.48 4.21 4.03 3.94 3.77 3.65 3.65 3.65 3.68 3.72 3.75 3.78 3.81 3.84 3.88 3.91 3.94 3.97 4.01 4.04 4.07 4.1 4.13 4.17 4.2 4.24 4.27 4.34 4.42 4.5 4.58 4.66 4.74 4.82 4.9 4.97 5.04 5.07 5.13 5.19 5.27 5.34 5.36 5.39 5.41 5.43 5.45 5.48 5.5 5.52 5.54 5.56
-9999 -9999 -9999 -9999 -9999 -9999 -9999 -9999 -9999 -9999 -9999 -9999 -9999 -9999 -9999 -9999 -9999 -9999 -9999 -9999 -9999 -9999 8.13 6.78 6.2 5.62 5.04 4.46 4.16 3.91 3.8 3.79 3.65 3.65 3.65 3.65 3.66 3.69 3.72 3.75 3.79 3.82 3.85 3.88 3.91 3.95 3.98 4.01 4.04 4.07 4.11 4.15 4.18 4.25 4.33 4.41 4.49 4.57 4.65 4.73 4.8 4.87 4.9 4.96 5.02 5.09 5.17 5.19 5.22 5.24 5.26 5.28 5.31 5.33 5.35 5.37 5.39 5.42 5.44
-9999 -9999 -9999 -9999 -9999 -9999 -9999 -9999 -9999 -9999 -9999 -9999 -9999 -9999 -9999 -9999 -9999 -9999 -9999 -9999 -9999 9.64 7.81 7.31 6.28 5.76 5.18 4.6 4.02 3.81 3.7 3.69 3.67 3.65 3.65 3.65 3.65 3.65 3.66 3.69 3.73 3.76 3.79 3.82 3.85 3.89 3.92 3.95 3.98 4.01 4.06 4.09 4.16 4.24 4.32 4.4 4.48 4.56 4.63 4.7 4.73 4.78 4.85 4.91 4.99 5.02 5.05 5.07 5.09 5.11 5.13 5.16 5.18 5.2 5.22 5.25 5.27 5.29 5.31
-9999 -9999 -9999 -9999 -9999 -9999 -9999 -9999 -9999 -9999 -9999 -9999 -9999 -9999 -9999 -9999 -9999 -9999 -9999 -9999 -9999 9.12 8.25 7.92 6.85 5.69 5.19 4.69 4.16 3.67 3.65 3.65 3.66 3.65 3.65 3.65 3.65 3.65 3.65 3.65 3.67 3.7 3.73 3.76 3.79 3.83 3.86 3.89 3.92 3.96 3.99 4.07 4.15 4.23 4.31 4.39 4.46 4.53 4.56 4.61 4.68 4.73 4.81 4.85 4.88 4.9 4.92 4.94 4.96 4.99 5.01 5.03 5.05 5.08 5.1 5.12 5.14 5.16 5.19
-9999 -9999 -9999 -9999 -9999 -9999 -9999 -9999 -9999 -9999 -9999 -9999 -9999 -9999 -9999 -9999 -9999 -9999 -9999 -9999 -9999 9.38 8.73 8.48 7.9 6.39 5.1 4.6 4.1 3.65 3.65 3.65 3.65 3.65 3.65 3.65 3.65 3.65 3.65 3.65 3.65 3.65 3.67 3.7 3.74 3.77 3.8 3.83 3.87 3.9 3.98 4.06 4.14 4.22 4.29 4.36 4.39 4.43 4.5 4.56 4.63 4.68 4.7 4.73 4.75 4.77 4.79 4.82 4.84 4.86 4.88 4.9 4.93 4.95 4.97 4.99 5.02 5.04 5.06
-9999 -9999 -9999 -9999 -9999 -9999 -9999 -9999 -9999 -9999 -9999 -9999 -9999 -9999 -9999 -9999 -9999 -9999 -9999 -9999 -9999 9.82 9.29 9.03 8.78 7.44 5.93 4.52 4.02 3.65 3.65 3.65 3.65 3.65 3.65 3.65 3.65 3.65 3.65 3.65 3.65 3.65 3.65 3.65 3.68 3.71 3.74 3.77 3.81 3.89 3.97 4.05 4.12 4.19 4.22 4.26 4.33 4.39 4.45 4.51 4.53 4.56 4.58 4.6 4.62 4.65 4.67 4.69 4.71 4.73 4.76 4.78 4.8 4.82 4.85 4.87 4.89 4.91 4.93
-9999 -9999 -9999 -9999 -9999 -9999 -9999 -9999 -9999 -9999 -9999 -9999 -9999 -9999 -9999 -9999 -9999 -9999 -9999 -9999 -9999 -9999 9.84 9.59 9.33 8.49 6.98 5.47 3.97 3.65 3.65 3.65 3.65 3.65 3.65 3.65 3.65 3.65 3.65 3.65 3.65 3.65 3.65 3.65 3.65 3.65 3.68 3.72 3.8 3.88 3.95 4.02 4.05 4.08 4.15 4.22 4.27 4.34 4.36 4.39 4.41 4.43 4.45 4.47 4.5 4.52 4.54 4.56 4.59 4.61 4.63 4.65 4.67 4.7 4.72 4.74 4.76 4.79 4.81
-9999 -9999 -9999 -9999 -9999 -9999 -9999 -9999 -9999 -9999 -9999 -9999 -9999 -9999 -9999 -9999 -9999 -9999 -9999 -9999 -9999 -9999 -9999 -9999 9.89 9.54 8.03 6.52 5.01 3.65 3.65 3.65 3.65 3.65 3.65 3.65 3.65 3.65 3.65 3.65 3.65 3.65 3.65 3.65 3.65 3.65 3.65 3.71 3.78 3.85 3.88 3.91 3.98 4.05 4.1 4.17 4.19 4.22 4.24 4.26 4.28 4.3 4.33 4.35 4.37 4.39 4.42 4.44 4.46 4.48 4.5 4.53 4.55 4.57 4.59 4.62 4.64 4.66 4.68
-9999 -9999 -9999 -9999 -9999 -9999 -9999 -9999 -9999 -9999 -9999 -9999 -9999 -9999 -9999 -9999 -9999 -9999 -9999 -9999 -9999 -9999 -9999 -9999 -9999 -9999 9.08 7.57 5.74 3.86 3.65 3.65 3.65 3.65 3.65 3.65 3.74 4.05 3.94 3.72 3.65 3.65 3.65 3.65 3.65 3.65 3.65 3.68 3.71 3.74 3.81 3.88 3.93 4 4.02 4.04 4.07 4.09 4.11 4.13 4.16 4.18 4.2 4.22 4.24 4.27 4.29 4.31 4.33 4.36 4.38 4.4 4.42 4.44 4.47 4.49 4.51 4.53 4.56
-9999 -9999 -9999 -9999 -9999 -9999 -9999 -9999 -9999 -9999 -9999 -9999 -9999 -9999 -9999 -9999 -9999 -9999 -9999 -9999 -9999 -9999 -9999 -9999 -9999 -9999 -9999 8.4 6.83 5.1 3.77 3.65 3.65 3.65 3.65 3.84 4.17 4.51 4.51 4.18 3.96 3.86 3.75 3.65 3.65 3.65 3.65 3.65 3.65 3.7 3.76 3.82 3.85 3.87 3.9 3.92 3.94 3.96 3.99 4.01 4.03 4.05 4.07 4.1 4.12 4.14 4.16 4.18 4.21 4.23 4.25 4.27 4.3 4.32 4.34 4.36 4.38 4.41 4.43
