raster.asc
ncols         301
nrows         551
xllcorner     291564.294
yllcorner     63499.633
cellsize      1
NODATA_value  -9999
[rows 490 to 524 of 551, columns 79 to 157 of 301]
-9999 -9999 -9999 -9999 -9999 -9999 -9999 -9999 -9999 -9999 -9999 -9999 -9999 -9999 -9999 -9999 -9999 -9999 -9999 -9999 -9999 -9999 -9999 -9999 -9999 -9999 -9999 -9999 -9999 -9999 -9999 -9999 -9999 -9999 -9999 -9999 -9999 -9999 -9999 -9999 -9999 -9999 -9999 -9999 -9999 -9999 -9999 -9999 -9999 -9999 -9999 -9999 -9999 -9999 -9999 -9999 -9999 -9999 -9999 -9999 -9999 -9999 -9999 -9999 -9999 -9999 -9999 -9999 -9999 -9999 -9999 -9999 -9999 -9999 -9999 -9999 -9999 9.57 8.52
-9999 -9999 -9999 -9999 -9999 -9999 -9999 -9999 -9999 -9999 -9999 -9999 -9999 -9999 -9999 -9999 -9999 -9999 -9999 -9999 -9999 -9999 -9999 -9999 -9999 -9999 -9999 -9999 -9999 -9999 -9999 -9999 -9999 -9999 -9999 -9999 -9999 -9999 -9999 -9999 -9999 -9999 -9999 -9999 -9999 -9999 -9999 -9999 -9999 -9999 -9999 -9999 -9999 -9999 -9999 -9999 -9999 -9999 -9999 -9999 -9999 -9999 -9999 -9999 -9999 -9999 -9999 -9999 -9999 -9999 -9999 -9999 -9999 -9999 -9999 -9999 -9999 -9999 9.04
-9999 -9999 -9999 -9999 -9999 -9999 -9999 -9999 -9999 -9999 -9999 -9999 -9999 -9999 -9999 -9999 -9999 -9999 -9999 -9999 -9999 -9999 -9999 -9999 -9999 -9999 -9999 -9999 -9999 -9999 -9999 -9999 -9999 -9999 -9999 -9999 -9999 -9999 -9999 -9999 -9999 -9999 -9999 -9999 -9999 -9999 -9999 -9999 -9999 -9999 -9999 -9999 -9999 -9999 -9999 -9999 -9999 -9999 -9999 -9999 -9999 -9999 -9999 -9999 -9999 -9999 -9999 -9999 -9999 -9999 -9999 -9999 -9999 -9999 -9999 -9999 -9999 -9999 9.29
-9999 -9999 -9999 -9999 -9999 -9999 -9999 -9999 -9999 -9999 -9999 -9999 -9999 -9999 -9999 -9999 -9999 -9999 -9999 -9999 -9999 -9999 -9999 -9999 -9999 -9999 -9999 -9999 -9999 -9999 -9999 -9999 -9999 -9999 -9999 -9999 -9999 -9999 -9999 -9999 -9999 -9999 -9999 -9999 -9999 -9999 -9999 -9999 -9999 -9999 -9999 -9999 -9999 -9999 -9999 -9999 -9999 -9999 -9999 -9999 -9999 -9999 -9999 -9999 -9999 -9999 -9999 -9999 -9999 -9999 -9999 -9999 -9999 -9999 -9999 -9999 -9999 9.55 8.54
-9999 -9999 -9999 -9999 -9999 -9999 -9999 -9999 -9999 -9999 -9999 -9999 -9999 -9999 -9999 -9999 -9999 -9999 -9999 -9999 -9999 -9999 -9999 -9999 -9999 -9999 -9999 -9999 -9999 -9999 -9999 -9999 -9999 -9999 -9999 -9999 -9999 -9999 -9999 -9999 -9999 -9999 -9999 -9999 -9999 -9999 -9999 -9999 -9999 -9999 -9999 -9999 -9999 -9999 -9999 -9999 -9999 -9999 -9999 -9999 -9999 -9999 -9999 -9999 -9999 -9999 -9999 -9999 -9999 -9999 -9999 -9999 -9999 -9999 -9999 -9999 9.95 8.87 8.04
-9999 -9999 -9999 -9999 -9999 -9999 -9999 -9999 -9999 -9999 -9999 -9999 -9999 -9999 -9999 -9999 -9999 -9999 -9999 -9999 -9999 -9999 -9999 -9999 -9999 -9999 -9999 -9999 -9999 -9999 -9999 -9999 -9999 -9999 -9999 -9999 -9999 -9999 -9999 -9999 -9999 -9999 -9999 -9999 -9999 -9999 -9999 -9999 -9999 -9999 -9999 -9999 -9999 -9999 -9999 -9999 -9999 -9999 -9999 -9999 -9999 -9999 -9999 -9999 -9999 -9999 -9999 -9999 -9999 -9999 -9999 -9999 -9999 -9999 -9999 -9999 8.67 8.13 8.03
-9999 -9999 -9999 -9999 -9999 -9999 -9999 -9999 -9999 -9999 -9999 -9999 -9999 -9999 -9999 -9999 -9999 -9999 -9999 -9999 -9999 -9999 -9999 -9999 -9999 -9999 -9999 -9999 -9999 -9999 -9999 -9999 -9999 -9999 -9999 -9999 -9999 -9999 -9999 -9999 -9999 -9999 -9999 -9999 -9999 -9999 -9999 -9999 -9999 -9999 -9999 -9999 -9999 -9999 -9999 -9999 -9999 -9999 -9999 -9999 -9999 -9999 -9999 -9999 -9999 -9999 -9999 -9999 -9999 -9999 -9999 -9999 -9999 -9999 -9999 9.46 7.99 8.02 8.05
-9999 -9999 -9999 -9999 -9999 -9999 -9999 -9999 -9999 -9999 -9999 -9999 -9999 -9999 -9999 -9999 -9999 -9999 -9999 -9999 -9999 -9999 -9999 -9999 -9999 -9999 -9999 -9999 -9999 -9999 -9999 -9999 -9999 -9999 -9999 -9999 -9999 -9999 -9999 -9999 -9999 -9999 -9999 -9999 -9999 -9999 -9999 -9999 -9999 -9999 -9999 -9999 -9999 -9999 -9999 -9999 -9999 -9999 -9999 -9999 -9999 -9999 -9999 -9999 -9999 -9999 -9999 -9999 -9999 -9999 -9999 -9999 -9999 -9999 9.79 7.99 7.92 7.98 7.98
-9999 -9999 -9999 -9999 -9999 -9999 -9999 -9999 -9999 -9999 -9999 -9999 -9999 -9999 -9999 -9999 -9999 -9999 -9999 -9999 -9999 -9999 -9999 -9999 -9999 -9999 -9999 -9999 -9999 -9999 -9999 -9999 -9999 -9999 -9999 -9999 -9999 -9999 -9999 -9999 -9999 -9999 -9999 -9999 -9999 -9999 -9999 -9999 -9999 -9999 -9999 -9999 -9999 -9999 -9999 -9999 -9999 -9999 -9999 -9999 -9999 -9999 -9999 -9999 -9999 -9999 -9999 -9999 -9999 -9999 -9999 -9999 -9999 -9999 8.77 7.93 7.88 7.94 7.95
-9999 -9999 -9999 -9999 -9999 -9999 -9999 -9999 -9999 -9999 -9999 -9999 -9999 -9999 -9999 -9999 -9999 -9999 -9999 -9999 -9999 -9999 -9999 -9999 -9999 -9999 -9999 -9999 -9999 -9999 -9999 -9999 -9999 -9999 -9999 -9999 -9999 -9999 -9999 -9999 -9999 -9999 -9999 -9999 -9999 -9999 -9999 -9999 -9999 -9999 -9999 -9999 -9999 -9999 -9999 -9999 -9999 -9999 -9999 -9999 -9999 -9999 -9999 -9999 -9999 -9999 -9999 -9999 -9999 -9999 -9999 -9999 9.9 8.75 7.9 7.88 7.88 7.93 7.95
-9999 -9999 -9999 -9999 -9999 -9999 -9999 -9999 -9999 -9999 -9999 -9999 -9999 -9999 -9999 -9999 -9999 -9999 -9999 -9999 -9999 -9999 -9999 -9999 -9999 -9999 -9999 -9999 -9999 -9999 -9999 -9999 -9999 -9999 -9999 -9999 -9999 -9999 -9999 -9999 -9999 -9999 -9999 -9999 -9999 -9999 -9999 -9999 -9999 -9999 -9999 -9999 -9999 -9999 -9999 -9999 -9999 -9999 -9999 -9999 -9999 -9999 -9999 -9999 -9999 -9999 -9999 -9999 -9999 -9999 -9999 9.79 8.64 7.9 7.88 7.88 7.89 7.93 7.97
-9999 -9999 -9999 -9999 -9999 -9999 -9999 -9999 -9999 -9999 -9999 -9999 -9999 -9999 -9999 -9999 -9999 -9999 -9999 -9999 -9999 -9999 -9999 -9999 -9999 -9999 -9999 -9999 -9999 -9999 -9999 -9999 -9999 -9999 -9999 -9999 -9999 -9999 -9999 -9999 -9999 -9999 -9999 -9999 -9999 -9999 -9999 -9999 -9999 -9999 -9999 -9999 -9999 -9999 -9999 -9999 -9999 -9999 -9999 -9999 -9999 -9999 -9999 -9999 -9999 -9999 -9999 -9999 -9999 -9999 9.68 8.53 7.91 7.89 7.89 7.88 7.89 7.92 7.96
-9999 -9999 -9999 -9999 -9999 -9999 -9999 -9999 -9999 -9999 -9999 -9999 -9999 -9999 -9999 -9999 -9999 -9999 -9999 -9999 -9999 -9999 -9999 -9999 -9999 -9999 -9999 -9999 -9999 -9999 -9999 -9999 -9999 -9999 -9999 -9999 -9999 -9999 -9999 -9999 -9999 -9999 -9999 -9999 -9999 -9999 -9999 -9999 -9999 -9999 -9999 -9999 -9999 -9999 -9999 -9999 -9999 -9999 -9999 -9999 -9999 -9999 -9999 -9999 -9999 -9999 -9999 -9999 -9999 9.25 8.36 7.93 7.91 7.9 7.88 7.89 7.9 7.91 7.95
-9999 -9999 -9999 -9999 -9999 -9999 -9999 -9999 -9999 -9999 -9999 -9999 -9999 -9999 -9999 -9999 -9999 -9999 -9999 -9999 -9999 -9999 -9999 -9999 -9999 -9999 -9999 -9999 -9999 -9999 -9999 -9999 -9999 -9999 -9999 -9999 -9999 -9999 -9999 -9999 -9999 -9999 -9999 -9999 -9999 -9999 -9999 -9999 -9999 -9999 -9999 -9999 -9999 -9999 -9999 -9999 -9999 -9999 -9999 -9999 -9999 -9999 -9999 -9999 -9999 -9999 -9999 -9999 9.46 8.49 7.92 7.93 7.91 7.88 7.88 7.89 7.91 7.92 7.94
-9999 -9999 -9999 -9999 -9999 -9999 -9999 -9999 -9999 -9999 -9999 -9999 -9999 -9999 -9999 -9999 -9999 -9999 -9999 -9999 -9999 -9999 -9999 -9999 -9999 -9999 -9999 -9999 -9999 -9999 -9999 -9999 -9999 -9999 -9999 -9999 -9999 -9999 -9999 -9999 -9999 -9999 -9999 -9999 -9999 -9999 -9999 -9999 -9999 -9999 -9999 -9999 -9999 -9999 9.9 9.72 9.95 -9999 -9999 -9999 -9999 -9999 -9999 -9999 -9999 9.67 9.68 9.69 8.7 7.86 7.89 7.91 7.88 7.87 7.89 7.9 7.91 7.93 7.94
-9999 -9999 9.98 9.83 9.69 9.55 9.74 9.82 9.96 9.95 9.84 9.78 9.82 9.77 9.9 -9999 -9999 -9999 -9999 -9999 -9999 -9999 -9999 -9999 -9999 -9999 -9999 -9999 -9999 -9999 -9999 -9999 -9999 -9999 -9999 -9999 -9999 -9999 -9999 -9999 -9999 -9999 -9999 -9999 -9999 -9999 -9999 -9999 -9999 -9999 9.88 9.52 9.17 8.81 8.94 9.17 9.4 9.62 9.85 -9999 -9999 -9999 -9999 -9999 9.91 9.38 8.84 8.73 7.93 7.81 7.83 7.85 7.87 7.88 7.89 7.91 7.92 7.93 7.95
-9999 8.89 8.83 8.75 8.62 8.64 8.88 9 9.15 9.24 9.16 9.05 9 8.97 9 9.11 9.22 9.62 -9999 -9999 -9999 -9999 -9999 -9999 -9999 -9999 -9999 -9999 -9999 -9999 -9999 -9999 -9999 -9999 9.94 9.78 -9999 -9999 -9999 -9999 -9999 -9999 -9999 -9999 9.91 9.65 9.68 9.49 9.14 8.79 8.43 8.08 7.94 8.17 8.39 8.62 8.84 9.07 9.3 9.52 9.75 9.97 -9999 -9999 9.62 9.08 8.55 8.01 7.8 7.8 7.81 7.83 7.85 7.87 7.89 7.91 7.93 7.94 7.95
-9999 -9999 9.65 9 8.67 8.55 8.23 8.27 8.41 8.55 8.58 8.58 8.58 8.62 8.7 8.7 8.72 9.08 9.57 9.91 -9999 -9999 -9999 -9999 -9999 -9999 -9999 -9999 9.93 9.74 9.54 9.35 9.22 9.2 9.11 8.53 8.74 8.91 9.12 9.53 9.59 9.62 9.59 9.17 8.71 8.24 8.27 8.05 7.7 7.34 6.99 7.16 7.39 7.62 7.84 8.07 8.29 8.52 8.75 8.97 9.2 9.42 9.65 9.69 9.27 8.79 8.25 7.78 7.78 7.81 7.8 7.81 7.81 7.81 7.83 7.87 7.91 7.94 7.96
-9999 -9999 9.77 9.41 8.93 8.46 7.99 8.12 8.26 8.43 8.64 8.74 8.75 8.74 8.72 8.74 8.7 8.92 9.35 9.73 9.74 9.72 9.58 9.65 9.72 9.75 9.63 9.45 9.24 9 8.79 8.59 8.4 8.2 8.07 7.51 7.83 8.18 8.22 8.25 8.44 8.66 8.88 7.97 7.51 7.04 6.87 6.61 6.25 6.16 6.39 6.61 6.84 7.06 7.29 7.52 7.74 7.97 8.19 8.42 8.65 8.87 9.1 9.32 8.91 8.49 7.96 7.76 7.78 7.77 7.78 7.78 7.79 7.79 7.79 7.78 7.8 7.85 7.89
-9999 -9999 9.64 9.17 8.69 8.22 7.83 7.98 8.12 8.31 8.51 8.72 8.89 8.91 8.9 8.88 9.04 9.01 9.4 9.73 9.75 9.63 9.7 9.77 9.8 9.58 9.42 9.22 9.07 8.83 8.61 8.39 8.16 7.92 7.68 7.43 7.51 7.79 8 8.21 8.43 8.65 8.86 8.36 7.06 5.84 5.46 5.16 5.38 5.61 5.83 6.06 6.29 6.51 6.74 6.96 7.19 7.42 7.64 7.87 8.09 8.32 8.55 8.77 8.55 8.13 7.76 7.78 7.74 7.74 7.75 7.75 7.76 7.76 7.77 7.77 7.76 7.74 7.78
-9999 9.87 9.4 8.93 8.45 7.98 7.69 7.83 7.97 8.18 8.39 8.59 8.8 9.01 9.07 9.06 9.04 9.34 9.51 9.73 9.68 9.75 9.77 9.77 9.51 9.31 9.18 8.98 8.9 8.66 8.42 8.18 7.96 7.75 7.54 7.31 7.4 7.68 7.96 8.24 8.5 8.7 8.86 8.75 7.46 6.17 4.8 4.8 4.97 5.13 5.3 5.51 5.74 5.96 6.19 6.41 6.64 6.87 7.09 7.32 7.54 7.77 8 8.22 8.19 7.77 7.75 7.74 7.72 7.68 7.72 7.7 7.72 7.73 7.74 7.75 7.75 7.74 7.73
-9999 9.63 9.16 8.69 8.21 7.74 7.55 7.69 7.85 8.05 8.26 8.47 8.68 8.88 9.09 9.23 9.23 9.34 9.64 9.71 9.74 9.75 9.72 9.47 9.21 9.03 8.94 8.74 8.73 8.5 8.25 8.01 7.77 7.53 7.32 7.08 7.3 7.58 7.86 8.14 8.42 8.7 8.9 8.79 7.66 6.13 4.8 4.85 5.02 5.19 5.36 5.53 5.7 5.87 6.04 6.2 6.37 6.53 6.7 6.87 7.03 7.22 7.44 7.67 7.83 7.74 7.7 7.64 7.58 7.49 7.34 7.54 7.66 7.65 7.68 7.71 7.72 7.73 7.73
9.87 9.39 8.92 8.45 7.97 7.5 7.4 7.54 7.72 7.93 8.14 8.34 8.55 8.76 8.97 9.17 9.38 9.39 9.63 9.71 9.74 9.67 9.42 9.16 8.9 8.76 8.7 8.5 8.51 8.33 8.09 7.85 7.6 7.36 7.12 7.08 7.2 7.48 7.76 8.02 8.29 8.55 8.81 8.81 7.7 6.25 4.8 4.81 4.98 5.15 5.32 5.49 5.66 5.83 6 6.17 6.34 6.51 6.68 6.85 7.02 7.19 7.36 7.5 7.61 7.45 7.37 7.31 7.25 7.19 7.08 7.03 7.23 7.42 7.61 7.6 7.63 7.67 7.7
9.59 9.15 8.68 8.21 7.73 7.26 7.26 7.4 7.59 7.8 8.01 8.22 8.42 8.63 8.84 9.05 9.25 9.46 9.61 9.72 9.62 9.37 9.11 8.86 8.6 8.49 8.46 8.27 8.28 8.17 7.92 7.68 7.44 7.2 7.08 7.08 7.11 7.38 7.66 7.93 8.2 8.46 8.46 8.15 7.54 6.39 4.94 4.78 4.95 5.12 5.29 5.46 5.63 5.8 5.97 6.14 6.31 6.49 6.66 6.81 6.96 7.1 7.25 7.39 7.44 7.33 7.15 6.98 6.92 6.86 6.8 6.68 6.72 6.91 7.11 7.3 7.5 7.56 7.59
9.24 8.91 8.44 7.97 7.49 7.02 7.11 7.26 7.47 7.68 7.88 8.09 8.3 8.51 8.71 8.92 9.13 9.34 9.35 9.25 9.24 9.06 8.81 8.55 8.3 8.21 8.19 8.05 8.06 8 7.76 7.52 7.27 7.1 7.08 7.08 7.13 7.4 7.66 7.92 7.98 7.79 7.61 7.43 7.24 6.08 5.09 4.75 4.92 5.08 5.26 5.43 5.61 5.78 5.96 6.13 6.27 6.42 6.56 6.7 6.85 6.99 7.13 7.28 7.28 7.21 7.03 6.84 6.66 6.53 6.47 6.4 6.28 6.41 6.6 6.79 6.99 7.18 7.38
8.89 8.67 8.2 7.73 7.25 6.83 6.97 7.13 7.34 7.55 7.76 7.96 8.17 8.38 8.59 8.79 9 9.11 8.77 8.56 8.56 8.54 8.5 8.25 7.99 7.94 7.91 7.82 7.83 7.84 7.59 7.35 7.2 7.11 7.08 7.08 7.12 7.38 7.49 7.31 7.12 6.94 6.75 6.57 6.39 6.2 5.25 4.73 4.9 5.08 5.25 5.43 5.59 5.73 5.87 6.02 6.16 6.3 6.45 6.59 6.74 6.88 7.02 7.12 7.11 7.07 6.91 6.72 6.54 6.35 6.16 6.07 6.01 5.9 6.09 6.29 6.48 6.68 7.51
8.55 8.43 7.96 7.49 7.01 6.68 6.82 7.01 7.22 7.42 7.63 7.84 8.05 8.25 8.46 8.67 8.84 8.53 8.18 7.87 7.85 7.89 7.84 7.84 7.7 7.67 7.64 7.6 7.6 7.61 7.43 7.3 7.24 7.2 7.11 7.08 7.09 6.88 6.67 6.45 6.27 6.08 5.9 5.71 5.53 5.35 5.16 4.72 4.9 5.04 5.19 5.33 5.47 5.62 5.76 5.91 6.05 6.19 6.34 6.48 6.63 6.77 6.91 6.95 6.95 6.92 6.79 6.6 6.42 6.23 6.04 5.86 5.68 5.62 5.59 5.78 5.98 6.5 7.64
8.22 8.19 7.72 7.25 6.77 6.54 6.68 6.88 7.09 7.3 7.51 7.71 7.92 8.13 8.34 8.5 8.3 7.95 7.6 7.45 7.45 7.42 7.44 7.44 7.45 7.41 7.41 7.42 7.4 7.42 7.43 7.38 7.35 7.3 7.18 7.05 6.94 6.78 6.56 6.34 6.13 5.91 5.69 5.47 5.26 5.04 4.82 4.69 4.79 4.93 5.08 5.22 5.36 5.51 5.65 5.79 5.94 6.08 6.23 6.37 6.51 6.66 6.79 6.79 6.78 6.76 6.67 6.48 6.3 6.11 5.92 5.74 5.55 5.37 5.23 5.27 5.49 7.01 7.66
7.88 7.95 7.48 7.01 6.53 6.39 6.55 6.76 6.96 7.17 7.38 7.59 7.79 8 8.17 8.07 7.72 7.37 7.24 7.25 7.28 7.31 7.35 7.33 7.28 7.29 7.31 7.31 7.32 7.32 7.36 7.38 7.26 7.14 7.02 6.9 6.8 6.67 6.45 6.24 6.02 5.8 5.59 5.37 5.15 4.93 4.72 4.67 4.68 4.82 4.96 5.11 5.25 5.4 5.54 5.68 5.83 5.97 6.12 6.26 6.4 6.55 6.63 6.62 6.62 6.61 6.53 6.36 6.18 5.99 5.81 5.62 5.43 5.25 5.06 4.87 5.29 6.07 6.93
7.54 7.63 7.24 6.77 6.29 6.25 6.42 6.63 6.84 7.05 7.25 7.46 7.67 7.83 7.83 7.48 7.14 7.02 7.04 7.05 7.09 7.13 7.16 7.15 7.1 7.11 7.12 7.13 7.13 7.14 7.18 7.22 7.1 6.98 6.86 6.74 6.65 6.56 6.35 6.13 5.91 5.7 5.48 5.26 5.04 4.83 4.64 4.65 4.66 4.71 4.85 5 5.14 5.29 5.43 5.57 5.72 5.86 6 6.15 6.29 6.44 6.46 6.46 6.45 6.45 6.38 6.25 6.06 5.87 5.69 5.5 5.31 5.13 4.94 4.78 4.59 5.56 6.69
7.2 7.28 7 6.53 6.05 6.1 6.3 6.5 6.71 6.92 7.13 7.33 7.5 7.6 7.25 6.9 6.8 6.82 6.83 6.88 6.91 6.95 6.95 6.97 6.91 6.92 6.93 6.95 6.95 6.96 7 7.05 6.94 6.82 6.7 6.58 6.5 6.45 6.24 6.02 5.81 5.59 5.37 5.16 4.94 4.72 4.62 4.63 4.65 4.63 4.74 4.89 5.03 5.17 5.32 5.46 5.61 5.75 5.89 6.04 6.18 6.31 6.3 6.29 6.29 6.28 6.22 6.13 5.94 5.75 5.57 5.38 5.19 5.01 4.82 4.71 4.57 4.74 5.97
6.86 6.94 6.76 6.29 5.82 5.96 6.17 6.38 6.59 6.79 7 7.16 7.29 7.02 6.67 6.58 6.6 6.63 6.65 6.69 6.73 6.76 6.75 6.78 6.72 6.74 6.75 6.77 6.77 6.78 6.82 6.87 6.78 6.66 6.54 6.42 6.36 6.32 6.13 5.92 5.7 5.48 5.27 5.05 4.83 4.61 4.6 4.61 4.63 4.61 4.63 4.78 4.92 5.06 5.21 5.35 5.49 5.64 5.78 5.93 6.07 6.14 6.14 6.13 6.12 6.12 6.07 5.99 5.82 5.63 5.45 5.26 5.08 4.89 4.71 4.64 4.54 4.4 4.96
6.52 6.59 6.52 6.05 5.67 5.84 6.05 6.25 6.46 6.67 6.83 6.95 6.78 6.44 6.36 6.38 6.4 6.42 6.47 6.51 6.55 6.55 6.56 6.59 6.54 6.55 6.56 6.59 6.59 6.6 6.64 6.69 6.63 6.51 6.38 6.26 6.21 6.19 6.03 5.81 5.59 5.38 5.16 4.94 4.73 4.58 4.57 4.59 4.61 4.62 4.59 4.66 4.81 4.95 5.1 5.24 5.38 5.53 5.67 5.82 5.96 5.98 5.97 5.97 5.96 5.95 5.91 5.84 5.7 5.52 5.33 5.14 4.96 4.77 4.64 4.57 4.47 4.35 4.31
6.18 6.24 6.28 5.81 5.53 5.71 5.92 6.13 6.33 6.49 6.62 6.55 6.2 6.14 6.16 6.18 6.21 6.24 6.29 6.33 6.36 6.35 6.36 6.39 6.35 6.36 6.38 6.4 6.41 6.42 6.46 6.52 6.46 6.35 6.23 6.1 6.07 6.06 5.92 5.7 5.49 5.27 5.05 4.84 4.62 4.56 4.55 4.57 4.59 4.61 4.57 4.58 4.7 4.84 4.99 5.13 5.27 5.42 5.56 5.7 5.82 5.81 5.81 5.8 5.8 5.79 5.76 5.68 5.58 5.4 5.21 5.02 4.84 4.65 4.57 4.5 4.4 4.35 4.31
5.84 5.89 6.02 5.57 5.38 5.59 5.79 6 6.16 6.28 6.32 5.97 5.92 5.94 5.96 5.98 6.01 6.06 6.11 6.15 6.15 6.14 6.17 6.19 6.17 6.18 6.2 6.22 6.23 6.24 6.29 6.34 6.29 6.19 6.07 5.95 5.92 5.93 5.8 5.6 5.38 5.16 4.95 4.73 4.54 4.53 4.53 4.55 4.57 4.59 4.58 4.55 4.59 4.73 4.87 5.02 5.16 5.31 5.45 5.59 5.65 5.65 5.64 5.64 5.63 5.63 5.6 5.53 5.45 5.28 5.09 4.9 4.72 4.57 4.5 4.42 4.33 4.35 4.24
