raster.asc
ncols         301
nrows         551
xllcorner     291564.294
yllcorner     63499.633
cellsize      1
NODATA_value  -9999
[rows 490 to 524 of 551, columns 158 to 236 of 301]
8.31 8.19 8.08 7.96 7.92 7.89 7.86 7.83 7.86 7.85 7.85 7.81 7.81 7.86 7.86 7.86 7.85 7.83 7.83 7.84 7.83 7.8 7.82 7.65 7.56 7.48 7.39 7.32 7.31 7.33 7.38 7.34 7.32 7.35 7.39 7.4 7.21 6.34 5.66 4.98 4.29 3.72 3.65 3.65 3.65 3.65 3.65 3.66 3.65 3.65 3.66 3.67 3.66 3.71 3.7 3.69 3.7 3.74 3.72 3.66 3.64 3.64 3.64 3.64 3.64 3.64 3.64 3.64 3.64 3.64 3.64 3.64 3.64 3.64 3.64 3.64 3.64 3.64 3.64
8.05 7.98 7.96 7.88 7.87 7.86 7.84 7.81 7.82 7.81 7.81 7.82 7.81 7.81 7.83 7.85 7.82 7.84 7.84 7.82 7.82 7.81 7.82 7.71 7.53 7.39 7.37 7.33 7.31 7.32 7.38 7.4 7.34 7.38 7.41 7.41 7.33 6.53 5.27 4.47 3.79 3.68 3.65 3.65 3.65 3.67 3.65 3.65 3.65 3.68 3.7 3.7 3.68 3.72 3.74 3.76 3.75 3.72 3.7 3.66 3.64 3.64 3.64 3.64 3.64 3.64 3.64 3.64 3.64 3.64 3.64 3.64 3.64 3.64 3.64 3.64 3.64 3.64 3.64
8.07 7.92 7.88 7.86 7.85 7.86 7.83 7.81 7.84 7.82 7.81 7.81 7.81 7.81 7.82 7.83 7.81 7.82 7.82 7.81 7.81 7.81 7.82 7.79 7.66 7.51 7.37 7.34 7.34 7.33 7.37 7.39 7.39 7.41 7.36 7.27 7.21 7.05 5.55 4.04 3.7 3.67 3.65 3.65 3.66 3.68 3.65 3.65 3.66 3.7 3.71 3.74 3.72 3.72 3.76 3.78 3.74 3.7 3.67 3.64 3.64 3.64 3.64 3.64 3.64 3.64 3.64 3.64 3.64 3.64 3.64 3.64 3.64 3.64 3.64 3.64 3.64 3.65 3.68
7.98 7.9 7.86 7.84 7.85 7.86 7.81 7.81 7.81 7.81 7.81 7.81 7.82 7.83 7.82 7.82 7.81 7.83 7.81 7.81 7.81 7.82 7.83 7.8 7.8 7.69 7.52 7.35 7.33 7.34 7.38 7.39 7.41 7.44 7.27 7.13 6.47 4.8 3.78 3.75 3.69 3.65 3.67 3.67 3.68 3.67 3.65 3.67 3.66 3.71 3.72 3.75 3.76 3.78 3.77 3.73 3.71 3.69 3.66 3.64 3.64 3.64 3.64 3.64 3.64 3.64 3.64 3.64 3.64 3.64 3.64 3.64 3.64 3.64 3.65 3.65 3.68 3.69 3.75
7.98 7.9 7.82 7.83 7.81 7.81 7.81 7.81 7.81 7.81 7.81 7.81 7.81 7.83 7.82 7.81 7.81 7.81 7.81 7.81 7.81 7.81 7.82 7.82 7.81 7.83 7.69 7.52 7.36 7.38 7.4 7.42 7.36 7.31 6.55 5.64 4.88 3.9 3.75 3.67 3.67 3.67 3.68 3.69 3.69 3.7 3.7 3.71 3.72 3.76 3.77 3.76 3.79 3.77 3.77 3.67 3.65 3.66 3.64 3.64 3.64 3.64 3.64 3.64 3.64 3.64 3.64 3.64 3.64 3.64 3.65 3.69 3.71 3.7 3.71 3.7 3.72 3.75 3.79
7.99 7.94 7.83 7.81 7.81 7.81 7.81 7.81 7.81 7.81 7.81 7.81 7.81 7.81 7.81 7.81 7.81 7.81 7.81 7.82 7.81 7.81 7.83 7.83 7.81 7.82 7.85 7.74 7.55 7.4 7.42 7.3 7.21 7.1 4.84 4.01 3.74 3.71 3.67 3.67 3.67 3.67 3.7 3.72 3.73 3.72 3.74 3.75 3.78 3.81 3.8 3.79 3.79 3.76 3.76 3.64 3.64 3.64 3.64 3.64 3.64 3.64 3.64 3.64 3.64 3.64 3.64 3.64 3.64 3.75 3.83 3.82 3.8 3.74 3.78 3.79 3.78 3.8 3.82
8.04 7.98 7.9 7.82 7.81 7.82 7.82 7.82 7.84 7.83 7.83 7.81 7.81 7.81 7.81 7.81 7.81 7.81 7.83 7.81 7.81 7.81 7.81 7.83 7.83 7.84 7.87 7.86 7.7 7.47 7.31 7.12 6.74 5.04 3.76 3.71 3.72 3.69 3.69 3.7 3.7 3.7 3.72 3.76 3.74 3.77 3.76 3.77 3.78 3.8 3.81 3.78 3.77 3.76 3.75 3.68 3.64 3.64 3.64 3.64 3.64 3.64 3.64 3.64 3.64 3.64 3.64 3.64 3.7 3.8 3.89 3.91 3.87 3.78 3.86 3.85 3.87 3.84 3.87
8.02 8.01 7.98 7.92 7.84 7.86 7.86 7.84 7.86 7.85 7.84 7.82 7.81 7.81 7.81 7.81 7.81 7.83 7.82 7.82 7.82 7.83 7.82 7.84 7.85 7.86 7.88 7.88 7.75 6.29 5.71 5.48 4.9 4.08 3.78 3.69 3.69 3.72 3.76 3.76 3.76 3.78 3.77 3.79 3.8 3.8 3.81 3.79 3.8 3.78 3.74 3.75 3.75 3.74 3.65 3.64 3.64 3.64 3.64 3.64 3.64 3.64 3.64 3.64 3.64 3.64 3.64 3.72 3.8 3.88 3.9 3.93 3.95 3.94 3.93 3.91 3.91 3.89 3.9
7.95 7.92 7.9 7.89 7.89 7.88 7.87 7.89 7.89 7.88 7.84 7.83 7.81 7.81 7.81 7.81 7.81 7.82 7.84 7.83 7.82 7.83 7.85 7.82 7.85 7.86 7.88 7.88 6.89 5.32 4.48 3.93 3.79 3.79 3.77 3.7 3.73 3.75 3.78 3.76 3.77 3.81 3.78 3.79 3.81 3.83 3.85 3.83 3.83 3.76 3.69 3.68 3.69 3.64 3.64 3.64 3.64 3.64 3.64 3.64 3.64 3.64 3.64 3.64 3.64 3.64 3.72 3.81 3.87 3.9 3.92 3.94 3.96 3.99 3.98 3.92 3.94 3.92 3.91
7.94 7.93 7.92 7.91 7.9 7.89 7.89 7.91 7.88 7.88 7.84 7.82 7.81 7.81 7.81 7.84 7.85 7.84 7.84 7.83 7.82 7.82 7.85 7.85 7.87 7.88 7.87 6.81 4.88 4.25 3.88 3.87 3.77 3.77 3.77 3.75 3.74 3.77 3.79 3.79 3.79 3.83 3.78 3.81 3.83 3.84 3.83 3.83 3.82 3.75 3.69 3.64 3.64 3.64 3.64 3.64 3.64 3.64 3.64 3.64 3.64 3.64 3.64 3.64 3.64 3.73 3.81 3.87 3.89 3.91 3.93 3.96 3.98 4 4.02 4.01 3.95 3.91 3.89
7.96 7.95 7.94 7.93 7.92 7.91 7.91 7.92 7.89 7.87 7.85 7.85 7.83 7.81 7.81 7.82 7.83 7.82 7.82 7.84 7.84 7.86 7.84 7.87 7.88 7.88 7.46 4.79 3.9 3.87 3.86 3.85 3.77 3.77 3.8 3.81 3.81 3.76 3.78 3.82 3.83 3.84 3.83 3.83 3.86 3.88 3.83 3.78 3.77 3.77 3.7 3.64 3.64 3.64 3.64 3.64 3.64 3.64 3.64 3.64 3.64 3.64 3.64 3.64 3.73 3.81 3.86 3.88 3.9 3.93 3.95 3.97 3.99 4 4.01 4.01 3.92 3.9 3.82
7.98 7.98 7.97 7.96 7.95 7.94 7.93 7.94 7.9 7.9 7.88 7.84 7.81 7.82 7.84 7.83 7.82 7.83 7.82 7.85 7.84 7.84 7.83 7.87 7.69 6.35 5.45 3.89 3.88 3.87 3.81 3.82 3.8 3.81 3.81 3.8 3.8 3.81 3.81 3.85 3.85 3.85 3.83 3.87 3.93 3.88 3.82 3.73 3.72 3.71 3.64 3.64 3.64 3.64 3.64 3.64 3.64 3.64 3.64 3.64 3.64 3.64 3.64 3.73 3.82 3.85 3.88 3.9 3.92 3.93 3.94 3.95 3.96 3.97 3.99 3.98 3.9 3.87 3.73
7.98 8 7.99 7.98 7.97 7.96 7.95 7.96 7.93 7.89 7.9 7.88 7.86 7.83 7.82 7.83 7.82 7.82 7.84 7.84 7.84 7.82 7.52 7.8 6.59 5.03 3.92 3.91 3.86 3.82 3.8 3.8 3.83 3.81 3.83 3.81 3.81 3.84 3.81 3.89 3.86 3.89 3.89 3.91 3.92 3.87 3.81 3.71 3.66 3.64 3.64 3.64 3.64 3.64 3.64 3.64 3.64 3.64 3.64 3.64 3.64 3.64 3.64 3.82 3.85 3.86 3.87 3.89 3.91 3.93 3.95 3.97 3.98 3.97 3.92 3.86 3.9 3.82 3.7
7.97 8 8.01 8 7.99 7.98 7.97 7.98 7.94 7.88 7.9 7.87 7.86 7.84 7.82 7.82 7.83 7.84 7.85 7.85 7.84 7.83 6.53 5.06 3.99 3.93 3.9 3.87 3.8 3.8 3.8 3.81 3.82 3.82 3.83 3.87 3.87 3.87 3.88 3.9 3.88 3.92 3.88 3.85 3.85 3.84 3.8 3.7 3.64 3.64 3.64 3.64 3.64 3.64 3.64 3.64 3.64 3.64 3.64 3.64 3.64 3.64 3.69 3.85 3.87 3.89 3.91 3.93 3.94 3.96 3.98 3.96 3.91 3.86 3.8 3.75 3.86 3.74 3.61
7.96 8 8.01 8.02 8.01 8 7.99 8 7.95 7.91 7.88 7.86 7.86 7.85 7.82 7.84 7.83 7.84 7.86 7.85 7.85 7.14 5.49 4.07 3.93 3.92 3.88 3.83 3.8 3.82 3.85 3.85 3.82 3.82 3.85 3.87 3.88 3.88 3.89 3.93 3.94 3.91 3.84 3.79 3.78 3.77 3.72 3.65 3.64 3.64 3.64 3.64 3.64 3.64 3.64 3.64 3.64 3.64 3.64 3.64 3.64 3.65 3.9 3.89 3.9 3.92 3.94 3.96 3.98 3.96 3.9 3.85 3.79 3.74 3.68 3.63 3.7 3.66 3.51
7.96 7.99 8.01 8.03 8.03 8.02 8.01 8.04 7.96 7.92 7.9 7.88 7.86 7.87 7.87 7.86 7.86 7.86 7.85 7.84 7.53 6.46 4.56 3.96 3.94 3.9 3.8 3.8 3.83 3.85 3.85 3.86 3.84 3.88 3.91 3.9 3.91 3.93 3.95 3.96 3.92 3.87 3.8 3.74 3.71 3.68 3.64 3.64 3.64 3.64 3.64 3.64 3.64 3.64 3.64 3.64 3.64 3.64 3.64 3.64 3.64 3.76 3.96 3.92 3.94 3.96 3.98 3.95 3.9 3.84 3.79 3.73 3.68 3.62 3.57 3.51 3.47 3.49 3.47
7.97 7.98 8.01 8.03 8.05 8.05 7.99 8.01 7.96 7.95 7.93 7.89 7.88 7.87 7.87 7.87 7.86 7.85 7.84 6.86 6.2 5.17 3.94 3.92 3.91 3.83 3.81 3.8 3.83 3.86 3.88 3.88 3.88 3.92 3.96 3.96 3.94 3.96 3.96 3.93 3.89 3.83 3.76 3.7 3.69 3.66 3.64 3.64 3.64 3.64 3.64 3.64 3.64 3.64 3.64 3.64 3.64 3.64 3.64 3.64 3.73 3.8 3.9 3.99 3.98 3.94 3.89 3.84 3.78 3.73 3.67 3.62 3.57 3.52 3.48 3.47 3.47 3.47 3.47
7.97 7.99 8.01 8.03 8.04 8.02 7.98 7.96 7.94 7.96 7.93 7.89 7.87 7.87 7.87 7.89 7.91 7.38 6.45 5.37 4.72 3.99 3.94 3.87 3.82 3.81 3.84 3.86 3.84 3.89 3.9 3.9 3.94 3.97 4 3.98 3.96 3.97 3.93 3.89 3.85 3.79 3.72 3.68 3.69 3.67 3.64 3.64 3.64 3.64 3.64 3.64 3.64 3.64 3.64 3.64 3.64 3.64 3.64 3.73 3.77 3.82 3.87 3.97 3.95 3.9 3.85 3.81 3.76 3.71 3.67 3.62 3.58 3.53 3.48 3.47 3.47 3.47 3.47
7.93 7.98 8.01 8.03 7.97 7.97 7.95 7.93 7.94 7.92 7.93 7.91 7.88 7.87 7.87 7.93 7.8 5.44 4.51 4.02 3.97 3.93 3.9 3.87 3.88 3.88 3.88 3.9 3.9 3.92 3.91 3.93 3.96 3.97 3.98 4.01 4.01 3.97 3.93 3.85 3.82 3.76 3.72 3.68 3.69 3.66 3.64 3.64 3.64 3.64 3.64 3.64 3.64 3.64 3.64 3.64 3.64 3.64 3.64 3.7 3.73 3.77 3.91 3.95 3.95 3.91 3.86 3.81 3.77 3.72 3.68 3.63 3.58 3.54 3.49 3.47 3.47 3.47 3.47
7.82 7.87 7.91 7.81 7.89 7.96 7.92 7.92 7.93 7.91 7.92 7.91 7.89 7.88 7.87 7.87 6.37 4.05 3.99 3.97 3.95 3.89 3.87 3.88 3.92 3.92 3.93 3.93 3.93 3.95 3.97 3.96 3.96 3.97 4 3.98 3.95 3.93 3.91 3.85 3.77 3.74 3.7 3.66 3.69 3.64 3.64 3.64 3.64 3.64 3.64 3.64 3.64 3.64 3.64 3.64 3.64 3.67 3.7 3.69 3.73 3.84 3.88 3.93 3.96 3.91 3.87 3.82 3.77 3.73 3.68 3.64 3.59 3.54 3.5 3.48 3.47 3.47 3.47
7.72 7.76 7.8 7.73 7.8 7.87 7.9 7.92 7.91 7.91 7.9 7.9 7.91 7.89 7.81 6.99 5.13 4.05 3.97 3.93 3.92 3.88 3.87 3.89 3.95 3.97 4.01 3.99 3.97 3.97 3.99 3.98 4.01 4.02 3.98 3.93 3.9 3.88 3.86 3.82 3.73 3.71 3.7 3.67 3.64 3.64 3.64 3.64 3.64 3.64 3.64 3.64 3.64 3.64 3.64 3.64 3.71 3.75 3.76 3.72 3.75 3.82 3.86 3.91 3.95 3.92 3.87 3.83 3.78 3.73 3.69 3.64 3.6 3.55 3.52 3.49 3.48 3.47 3.47
7.71 7.69 7.68 7.68 7.7 7.79 7.89 7.92 7.87 7.89 7.91 7.88 7.9 6.99 5.86 5.05 4.2 4.02 3.98 3.92 3.93 3.93 3.95 3.97 3.96 3.98 4.02 4.02 4 3.98 4 4.03 4.09 4.06 3.98 3.9 3.86 3.82 3.81 3.79 3.75 3.72 3.69 3.67 3.64 3.64 3.64 3.64 3.64 3.64 3.64 3.64 3.64 3.64 3.64 3.69 3.75 3.77 3.75 3.75 3.74 3.85 3.84 3.89 3.93 3.92 3.88 3.83 3.79 3.74 3.69 3.65 3.6 3.56 3.54 3.51 3.5 3.49 3.49
7.71 7.69 7.67 7.68 7.68 7.75 7.86 7.89 7.86 7.88 7.91 7.88 6.5 5.59 4.47 4.08 4 3.96 3.94 3.98 3.98 3.99 4 3.98 3.98 3.99 4.02 4.04 4.01 4 4.01 4.05 4.11 4.06 3.97 3.9 3.83 3.79 3.78 3.78 3.78 3.74 3.65 3.64 3.64 3.64 3.64 3.64 3.64 3.64 3.64 3.64 3.64 3.64 3.7 3.74 3.77 3.78 3.75 3.78 3.79 3.83 3.83 3.86 3.91 3.93 3.89 3.84 3.79 3.75 3.7 3.65 3.61 3.58 3.56 3.54 3.53 3.52 3.51
7.62 7.67 7.66 7.68 7.68 7.68 7.79 7.86 7.88 7.86 7.89 7.45 5.2 4.14 4.14 4.1 4.05 3.95 3.97 4 4.03 4 3.99 3.99 4.01 4.02 4.01 4.07 4.06 4.04 4.08 4.03 4.09 4.02 3.96 3.88 3.81 3.8 3.8 3.78 3.74 3.68 3.65 3.64 3.64 3.64 3.64 3.64 3.64 3.64 3.64 3.65 3.69 3.7 3.74 3.76 3.77 3.78 3.76 3.77 3.82 3.82 3.89 3.84 3.89 3.92 3.89 3.85 3.8 3.75 3.71 3.66 3.62 3.6 3.57 3.57 3.55 3.54 3.53
7.63 7.66 7.66 7.66 7.68 7.68 7.68 7.75 7.81 7.22 6.33 5.6 4.42 4.12 4.11 4.07 4.02 4 3.97 3.97 4.03 4.04 4 4.01 4.01 4.03 4.05 4.07 4.07 4.06 4.07 4.08 4.06 4 3.9 3.84 3.81 3.8 3.81 3.75 3.72 3.67 3.64 3.64 3.64 3.64 3.64 3.64 3.64 3.64 3.64 3.76 3.82 3.78 3.74 3.78 3.78 3.79 3.77 3.76 3.83 3.87 3.91 3.86 3.86 3.91 3.9 3.85 3.81 3.76 3.71 3.67 3.64 3.63 3.6 3.59 3.58 3.57 3.55
7.67 7.66 7.66 7.66 7.67 7.68 7.66 7.68 7.01 5.52 4.45 4.14 4.1 4.12 4.06 4.05 4.01 4 3.99 3.99 4.03 4.05 4.04 4.01 4.01 4.06 4.04 4.06 4.05 4.04 4.03 4.09 4.06 3.94 3.84 3.82 3.82 3.8 3.79 3.75 3.71 3.68 3.64 3.64 3.64 3.64 3.64 3.64 3.64 3.7 3.77 3.85 3.85 3.86 3.82 3.83 3.79 3.8 3.77 3.76 3.82 3.9 3.9 3.92 3.86 3.89 3.9 3.86 3.81 3.77 3.72 3.68 3.67 3.65 3.63 3.62 3.6 3.6 3.56
7.67 7.68 7.67 7.66 7.66 7.66 7.67 6.75 5.9 4.59 4.18 4.13 4.1 4.09 4.06 4.03 4.03 4.03 4.02 4.02 4.04 4.04 4.03 4.03 4.06 4.1 4.12 4.11 4.04 4.03 4.02 3.99 3.99 3.89 3.84 3.85 3.84 3.82 3.79 3.73 3.67 3.68 3.64 3.64 3.64 3.64 3.65 3.66 3.71 3.8 3.89 3.9 3.89 3.93 3.91 3.87 3.81 3.81 3.78 3.76 3.81 3.89 3.94 3.98 3.89 3.86 3.9 3.86 3.82 3.77 3.73 3.7 3.69 3.66 3.65 3.64 3.63 3.63 3.59
7.66 7.64 7.67 7.66 7.67 7.66 7.35 5.26 4.25 4.14 4.14 4.12 4.11 4.1 4.07 4.03 4.05 4.06 4.07 4.09 4.05 4.06 4.06 4.04 4.08 4.14 4.21 4.15 4.04 4.01 4 3.96 3.92 3.91 3.87 3.83 3.81 3.81 3.8 3.74 3.71 3.67 3.64 3.64 3.64 3.65 3.72 3.78 3.85 3.89 3.92 3.93 3.93 3.95 3.93 3.9 3.83 3.83 3.79 3.76 3.8 3.88 3.95 3.98 3.95 3.86 3.89 3.87 3.82 3.78 3.74 3.73 3.71 3.69 3.68 3.67 3.65 3.66 3.62
7.64 7.65 7.66 7.65 7.65 7.69 5.57 4.21 4.14 4.13 4.11 4.11 4.11 4.09 4.05 4.05 4.09 4.08 4.09 4.09 4.05 4.06 4.08 4.09 4.09 4.08 4.16 4.16 4.07 3.99 3.93 3.93 3.91 3.88 3.84 3.8 3.78 3.76 3.75 3.71 3.69 3.64 3.64 3.64 3.67 3.71 3.8 3.9 3.93 3.97 3.98 3.96 3.97 3.94 3.93 3.91 3.85 3.84 3.8 3.77 3.79 3.86 3.94 4.01 4.01 3.92 3.86 3.88 3.83 3.78 3.77 3.75 3.73 3.71 3.71 3.7 3.68 3.68 3.65
7.64 7.65 7.66 6.39 6.45 5.86 4.17 4.13 4.15 4.12 4.11 4.12 4.11 4.08 4.08 4.08 4.1 4.08 4.09 4.09 4.07 4.09 4.11 4.09 4.08 4.07 4.1 4.11 4.07 3.96 3.92 3.9 3.88 3.85 3.84 3.78 3.76 3.76 3.76 3.73 3.72 3.67 3.66 3.67 3.7 3.8 3.9 3.97 3.98 3.99 4.01 3.99 3.95 3.94 3.93 3.9 3.88 3.85 3.81 3.78 3.78 3.85 3.93 4 4.06 3.98 3.9 3.88 3.84 3.8 3.79 3.77 3.75 3.74 3.73 3.72 3.7 3.68 3.66
6.72 7.64 7.57 5.7 4.52 4.4 4.16 4.15 4.12 4.12 4.11 4.14 4.09 4.08 4.08 4.1 4.1 4.11 4.12 4.1 4.12 4.14 4.12 4.09 4.07 4.05 4.04 4.05 4.01 3.95 3.91 3.87 3.84 3.85 3.82 3.77 3.75 3.75 3.73 3.74 3.74 3.74 3.77 3.75 3.8 3.88 3.97 4.01 4.03 4.02 4.02 4 3.96 3.95 3.94 3.91 3.91 3.87 3.84 3.79 3.78 3.84 3.92 3.99 4.07 4.04 3.96 3.87 3.84 3.83 3.81 3.79 3.78 3.77 3.76 3.73 3.68 3.64 3.62
5.1 6.49 6.6 5.32 4.19 4.19 4.16 4.16 4.13 4.13 4.13 4.11 4.09 4.09 4.08 4.09 4.1 4.1 4.12 4.17 4.17 4.14 4.13 4.11 4.08 4.05 4.04 4.01 3.98 3.95 3.91 3.91 3.85 3.84 3.8 3.76 3.75 3.73 3.73 3.73 3.75 3.75 3.8 3.86 3.91 3.94 3.96 4 4.03 4.06 4.06 4.02 4.01 3.99 3.97 3.94 3.94 3.89 3.84 3.82 3.79 3.8 3.88 3.96 4.01 3.98 3.94 3.89 3.84 3.83 3.83 3.81 3.8 3.78 3.74 3.68 3.64 3.62 3.61
4.28 4.24 4.2 4.2 4.17 4.16 4.13 4.16 4.17 4.16 4.14 4.09 4.1 4.09 4.08 4.08 4.11 4.1 4.17 4.2 4.13 4.12 4.13 4.11 4.1 4.06 4.03 3.98 3.93 3.93 3.92 3.93 3.86 3.81 3.79 3.79 3.79 3.78 3.73 3.76 3.8 3.83 3.9 3.93 3.96 3.96 3.98 4.05 4.03 4.04 4.03 4.01 4 3.98 3.98 3.94 3.93 3.91 3.87 3.83 3.84 3.79 3.79 3.82 3.87 3.86 3.87 3.84 3.79 3.77 3.77 3.74 3.71 3.69 3.67 3.63 3.6 3.6 3.59
4.25 4.22 4.19 4.17 4.13 4.13 4.15 4.13 4.18 4.14 4.1 4.11 4.09 4.09 4.1 4.08 4.13 4.12 4.19 4.23 4.17 4.13 4.11 4.11 4.07 4.05 4.01 3.96 3.93 3.93 3.93 3.89 3.85 3.85 3.8 3.81 3.83 3.84 3.84 3.8 3.8 3.9 3.96 3.97 3.97 3.97 4 4.05 4.02 4.03 4.05 4.02 4.03 4.02 3.98 3.96 3.93 3.9 3.89 3.87 3.86 3.82 3.79 3.79 3.8 3.77 3.77 3.77 3.75 3.72 3.7 3.68 3.68 3.65 3.62 3.6 3.58 3.57 3.56
4.23 4.2 4.18 4.17 4.14 4.15 4.15 4.13 4.15 4.11 4.1 4.12 4.1 4.09 4.09 4.11 4.15 4.14 4.19 4.2 4.2 4.16 4.13 4.1 4.08 4.04 4.01 3.97 3.96 3.94 3.9 3.87 3.88 3.86 3.82 3.8 3.81 3.83 3.84 3.85 3.88 3.94 3.98 3.97 3.98 4.01 4.02 4.02 4.03 4.06 4.05 4.04 4.03 4 3.97 3.98 3.94 3.89 3.89 3.89 3.87 3.84 3.8 3.8 3.8 3.79 3.73 3.72 3.72 3.7 3.66 3.64 3.6 3.6 3.58 3.56 3.56 3.56 3.56
